<?xml version="1.0" encoding="utf-8"?>
<COLLADA xmlns="http://www.collada.org/2005/11/COLLADASchema" version="1.4.1">
  <asset>
    <contributor>
      <author>Mixamo</author>
      <authoring_tool>COLLADA Mixamo exporter</authoring_tool>
      <comments/>
    </contributor>
    <created>2024-04-14T13:53:45Z</created>
    <modified>2024-04-14T13:53:45Z</modified>
    <revision/>
    <title/>
    <unit meter="0.010000"/>
    <up_axis>Y_UP</up_axis>
  </asset>
  <library_animations>
    <animation id="mixamorig_Hips-anim" name="mixamorig_Hips">
      <source id="mixamorig_Hips-Matrix-animation-input">
        <float_array id="mixamorig_Hips-Matrix-animation-input-array" count="267">

0.000000 0.033333 0.066667 0.100000 0.133333 0.166667 0.200000 0.233333 0.266667 0.300000 0.333333 0.366667 0.400000 0.433333 0.466667 0.500000
0.533333 0.566667 0.600000 0.633333 0.666667 0.700000 0.733333 0.766667 0.800000 0.833333 0.866667 0.900000 0.933333 0.966667 1.000000 1.033333
1.066667 1.100000 1.133333 1.166667 1.200000 1.233333 1.266667 1.300000 1.333333 1.366667 1.400000 1.433333 1.466667 1.500000 1.533333 1.566667
1.600000 1.633333 1.666667 1.700000 1.733333 1.766667 1.800000 1.833333 1.866667 1.900000 1.933333 1.966667 2.000000 2.033333 2.066667 2.100000
2.133333 2.166667 2.200000 2.233333 2.266667 2.300000 2.333333 2.366667 2.400000 2.433333 2.466667 2.500000 2.533333 2.566667 2.600000 2.633333
2.666667 2.700000 2.733333 2.766667 2.800000 2.833333 2.866667 2.900000 2.933333 2.966667 3.000000 3.033333 3.066667 3.100000 3.133333 3.166667
3.200000 3.233333 3.266667 3.300000 3.333333 3.366667 3.400000 3.433333 3.466667 3.500000 3.533333 3.566667 3.600000 3.633333 3.666667 3.700000
3.733333 3.766667 3.800000 3.833333 3.866667 3.900000 3.933333 3.966667 4.000000 4.033333 4.066667 4.100000 4.133333 4.166667 4.200000 4.233333
4.266667 4.300000 4.333333 4.366667 4.400000 4.433333 4.466667 4.500000 4.533333 4.566667 4.600000 4.633333 4.666667 4.700000 4.733333 4.766667
4.800000 4.833333 4.866667 4.900000 4.933333 4.966667 5.000000 5.033333 5.066667 5.100000 5.133333 5.166667 5.200000 5.233333 5.266667 5.300000
5.333333 5.366667 5.400000 5.433333 5.466667 5.500000 5.533333 5.566667 5.600000 5.633333 5.666667 5.700000 5.733333 5.766667 5.800000 5.833333
5.866667 5.900000 5.933333 5.966667 6.000000 6.033333 6.066667 6.100000 6.133333 6.166667 6.200000 6.233333 6.266667 6.300000 6.333333 6.366667
6.400000 6.433333 6.466667 6.500000 6.533333 6.566667 6.600000 6.633333 6.666667 6.700000 6.733333 6.766667 6.800000 6.833333 6.866667 6.900000
6.933333 6.966667 7.000000 7.033333 7.066667 7.100000 7.133333 7.166667 7.200000 7.233333 7.266667 7.300000 7.333333 7.366667 7.400000 7.433333
7.466667 7.500000 7.533333 7.566667 7.600000 7.633333 7.666667 7.700000 7.733333 7.766667 7.800000 7.833333 7.866667 7.900000 7.933333 7.966667
8.000000 8.033333 8.066667 8.100000 8.133333 8.166667 8.200000 8.233333 8.266667 8.300000 8.333333 8.366667 8.400000 8.433333 8.466667 8.500000
8.533333 8.566667 8.600000 8.633333 8.666667 8.700000 8.733333 8.766667 8.800000 8.833333 8.866667</float_array>
        <technique_common>
          <accessor source="#mixamorig_Hips-Matrix-animation-input-array" count="267">
            <param name="TIME" type="float"/>
          </accessor>
        </technique_common>
      </source>
      <source id="mixamorig_Hips-Matrix-animation-output-transform">
        <float_array id="mixamorig_Hips-Matrix-animation-output-transform-array" count="4272">

0.993973 0.061036 -0.091065 0.262653 -0.055206 0.996342 0.065223 98.999069 0.094713 -0.059803 0.993707 -0.126094 0.000000 0.000000 0.000000 1.000000
0.993943 0.061063 -0.091369 0.265052 -0.055215 0.996342 0.065223 98.999023 0.095018 -0.059783 0.993679 -0.133247 0.000000 0.000000 0.000000 1.000000
0.993858 0.061111 -0.092261 0.268796 -0.055209 0.996342 0.065223 98.998528 0.095909 -0.059729 0.993596 -0.148636 0.000000 0.000000 0.000000 1.000000
0.993724 0.061175 -0.093646 0.273795 -0.055190 0.996343 0.065223 98.998322 0.097293 -0.059645 0.993467 -0.174371 0.000000 0.000000 0.000000 1.000000
0.993566 0.061265 -0.095253 0.278663 -0.055160 0.996330 0.065456 98.998543 0.098914 -0.059780 0.993299 -0.210800 0.000000 0.000000 0.000000 1.000000
0.993393 0.061434 -0.096932 0.281382 -0.055185 0.996300 0.065884 98.998840 0.100621 -0.060100 0.993108 -0.256746 0.000000 0.000000 0.000000 1.000000
0.993211 0.061829 -0.098533 0.281017 -0.055421 0.996246 0.066499 98.999138 0.102275 -0.060587 0.992909 -0.309733 0.000000 0.000000 0.000000 1.000000
0.993058 0.062319 -0.099760 0.277816 -0.055752 0.996172 0.067321 98.999931 0.103573 -0.061292 0.992731 -0.365640 0.000000 0.000000 0.000000 1.000000
0.992958 0.062789 -0.100457 0.272064 -0.056067 0.996081 0.068398 99.001892 0.104358 -0.062284 0.992588 -0.421564 0.000000 0.000000 0.000000 1.000000
0.992891 0.063292 -0.100808 0.263184 -0.056407 0.995969 0.069748 99.004936 0.104816 -0.063566 0.992458 -0.475944 0.000000 0.000000 0.000000 1.000000
0.992825 0.063888 -0.101075 0.250781 -0.056821 0.995834 0.071317 99.008118 0.105210 -0.065063 0.992319 -0.526416 0.000000 0.000000 0.000000 1.000000
0.992774 0.064509 -0.101183 0.234511 -0.057260 0.995688 0.072984 99.010941 0.105455 -0.066662 0.992187 -0.570262 0.000000 0.000000 0.000000 1.000000
0.992785 0.065064 -0.100725 0.213164 -0.057675 0.995543 0.074613 99.014366 0.105131 -0.068265 0.992113 -0.606439 0.000000 0.000000 0.000000 1.000000
0.992887 0.065566 -0.099381 0.186150 -0.058114 0.995404 0.076113 99.019211 0.103915 -0.069796 0.992134 -0.635372 0.000000 0.000000 0.000000 1.000000
0.993064 0.066075 -0.097250 0.154098 -0.058637 0.995270 0.077454 99.024429 0.101908 -0.071214 0.992242 -0.656270 0.000000 0.000000 0.000000 1.000000
0.993272 0.066628 -0.094721 0.114424 -0.059244 0.995133 0.078740 99.028542 0.099506 -0.072598 0.992385 -0.665551 0.000000 0.000000 0.000000 1.000000
0.993495 0.067214 -0.091924 0.061760 -0.059910 0.994991 0.080028 99.031158 0.096843 -0.074000 0.992545 -0.660627 0.000000 0.000000 0.000000 1.000000
0.993770 0.067793 -0.088463 -0.003087 -0.060654 0.994864 0.081041 99.033424 0.093502 -0.075171 0.992777 -0.644712 0.000000 0.000000 0.000000 1.000000
0.994132 0.068332 -0.083862 -0.075191 -0.061494 0.994768 0.081577 99.036209 0.088997 -0.075941 0.993133 -0.622865 0.000000 0.000000 0.000000 1.000000
0.994584 0.068746 -0.077952 -0.152278 -0.062343 0.994698 0.081793 99.039497 0.083161 -0.076490 0.993596 -0.597351 0.000000 0.000000 0.000000 1.000000
0.995115 0.068864 -0.070738 -0.235555 -0.063016 0.994653 0.081819 99.043350 0.075994 -0.076962 0.994134 -0.569682 0.000000 0.000000 0.000000 1.000000
0.995707 0.068598 -0.062150 -0.326429 -0.063432 0.994645 0.081589 99.048882 0.067414 -0.077296 0.994726 -0.542877 0.000000 0.000000 0.000000 1.000000
0.996319 0.068076 -0.052089 -0.423044 -0.063726 0.994671 0.081053 99.056931 0.057329 -0.077435 0.995348 -0.519779 0.000000 0.000000 0.000000 1.000000
0.996886 0.067537 -0.040716 -0.520456 -0.064112 0.994709 0.080266 99.067154 0.045922 -0.077406 0.995942 -0.499052 0.000000 0.000000 0.000000 1.000000
0.997332 0.067149 -0.028622 -0.613646 -0.064696 0.994743 0.079376 99.079170 0.033802 -0.077313 0.996434 -0.474309 0.000000 0.000000 0.000000 1.000000
0.997626 0.066852 -0.016557 -0.701143 -0.065355 0.994761 0.078613 99.088448 0.021726 -0.077344 0.996768 -0.439086 0.000000 0.000000 0.000000 1.000000
0.997785 0.066326 -0.004993 -0.786617 -0.065736 0.994777 0.078084 99.086868 0.010146 -0.077583 0.996934 -0.390837 0.000000 0.000000 0.000000 1.000000
0.997818 0.065744 0.006000 -0.871296 -0.066011 0.994798 0.077579 99.084450 -0.000868 -0.077806 0.996968 -0.329227 0.000000 0.000000 0.000000 1.000000
0.997740 0.065149 0.016469 -0.955172 -0.066228 0.994845 0.076792 99.083374 -0.011381 -0.077709 0.996911 -0.257588 0.000000 0.000000 0.000000 1.000000
0.997561 0.064567 0.026522 -1.034873 -0.066409 0.994917 0.075694 99.083855 -0.021500 -0.077271 0.996778 -0.179284 0.000000 0.000000 0.000000 1.000000
0.997295 0.063846 0.036420 -1.107226 -0.066423 0.995000 0.074586 99.083984 -0.031476 -0.076803 0.996549 -0.094377 0.000000 0.000000 0.000000 1.000000
0.996939 0.062746 0.046642 -1.172262 -0.066082 0.995081 0.073798 99.083206 -0.041782 -0.076655 0.996182 0.000756 0.000000 0.000000 0.000000 1.000000
0.996457 0.061191 0.057697 -1.232245 -0.065362 0.995158 0.073412 99.081085 -0.052925 -0.076923 0.995631 0.109182 0.000000 0.000000 0.000000 1.000000
0.995796 0.059401 0.069721 -1.289679 -0.064504 0.995216 0.073376 99.076385 -0.065029 -0.077565 0.994864 0.230578 0.000000 0.000000 0.000000 1.000000
0.994938 0.057700 0.082270 -1.347289 -0.063813 0.995235 0.073721 99.067474 -0.077624 -0.078597 0.993880 0.363290 0.000000 0.000000 0.000000 1.000000
0.993921 0.056297 0.094612 -1.407934 -0.063447 0.995213 0.074340 99.054878 -0.089974 -0.079891 0.992735 0.505786 0.000000 0.000000 0.000000 1.000000
0.992814 0.055231 0.106157 -1.474563 -0.063370 0.995176 0.074894 99.041550 -0.101508 -0.081083 0.991525 0.654726 0.000000 0.000000 0.000000 1.000000
0.991682 0.054483 0.116611 -1.549594 -0.063505 0.995151 0.075107 99.029144 -0.111954 -0.081887 0.990334 0.807096 0.000000 0.000000 0.000000 1.000000
0.990514 0.054260 0.126245 -1.633424 -0.064057 0.995133 0.074884 99.016838 -0.121568 -0.082260 0.989169 0.963168 0.000000 0.000000 0.000000 1.000000
0.989194 0.054939 0.135932 -1.724326 -0.065459 0.995095 0.074170 99.004471 -0.131191 -0.082266 0.987938 1.123170 0.000000 0.000000 0.000000 1.000000
0.987600 0.056576 0.146443 -1.820349 -0.067817 0.995028 0.072943 98.994370 -0.141588 -0.081970 0.986526 1.285035 0.000000 0.000000 0.000000 1.000000
0.985731 0.058540 0.157819 -1.920152 -0.070517 0.994953 0.071384 98.987274 -0.152844 -0.081494 0.984884 1.449483 0.000000 0.000000 0.000000 1.000000
0.983692 0.060098 0.169521 -2.020272 -0.072820 0.994896 0.069850 98.980148 -0.164458 -0.081056 0.983048 1.619367 0.000000 0.000000 0.000000 1.000000
0.981570 0.061169 0.181051 -2.113390 -0.074634 0.994855 0.068512 98.970467 -0.175928 -0.080762 0.981084 1.790494 0.000000 0.000000 0.000000 1.000000
0.979285 0.062242 0.192681 -2.194549 -0.076428 0.994816 0.067087 98.958382 -0.187507 -0.080423 0.978965 1.952367 0.000000 0.000000 0.000000 1.000000
0.976568 0.063696 0.205567 -2.266257 -0.078586 0.994780 0.065096 98.944145 -0.200348 -0.079725 0.976476 2.098657 0.000000 0.000000 0.000000 1.000000
0.973146 0.065266 0.220745 -2.332275 -0.080886 0.994764 0.062468 98.929527 -0.215512 -0.078646 0.973329 2.232481 0.000000 0.000000 0.000000 1.000000
0.968940 0.066325 0.238237 -2.390281 -0.082738 0.994790 0.059555 98.920280 -0.233046 -0.077417 0.969379 2.364015 0.000000 0.000000 0.000000 1.000000
0.963884 0.066770 0.257818 -2.436936 -0.084048 0.994854 0.056575 98.919975 -0.252714 -0.076201 0.964536 2.503656 0.000000 0.000000 0.000000 1.000000
0.957605 0.066894 0.280212 -2.472935 -0.085225 0.994911 0.053740 98.922569 -0.275191 -0.075343 0.958433 2.656411 0.000000 0.000000 0.000000 1.000000
0.949588 0.066561 0.306353 -2.496776 -0.086381 0.994926 0.051586 98.916321 -0.301365 -0.075449 0.950519 2.822026 0.000000 0.000000 0.000000 1.000000
0.939706 0.065303 0.335691 -2.502812 -0.087142 0.994921 0.050392 98.896416 -0.330695 -0.076607 0.940623 2.995357 0.000000 0.000000 0.000000 1.000000
0.928447 0.063021 0.366079 -2.486637 -0.087204 0.994941 0.049887 98.872299 -0.361083 -0.078241 0.929246 3.167683 0.000000 0.000000 0.000000 1.000000
0.916727 0.060022 0.394979 -2.447456 -0.086588 0.995001 0.049761 98.858467 -0.390018 -0.079818 0.917341 3.332691 0.000000 0.000000 0.000000 1.000000
0.905498 0.056658 0.420550 -2.387235 -0.085464 0.995088 0.049953 98.860985 -0.415655 -0.081174 0.905893 3.486217 0.000000 0.000000 0.000000 1.000000
0.895599 0.053061 0.441686 -2.309330 -0.083915 0.995187 0.050599 98.872162 -0.436875 -0.082381 0.895742 3.619832 0.000000 0.000000 0.000000 1.000000
0.887836 0.049289 0.457512 -2.217783 -0.081986 0.995282 0.051877 98.881027 -0.452797 -0.083568 0.887689 3.721181 0.000000 0.000000 0.000000 1.000000
0.882937 0.045571 0.467275 -2.116515 -0.079748 0.995372 0.053614 98.886429 -0.462669 -0.084602 0.882485 3.781999 0.000000 0.000000 0.000000 1.000000
0.881251 0.042243 0.470758 -2.006759 -0.077252 0.995478 0.055285 98.895844 -0.466293 -0.085087 0.880529 3.803447 0.000000 0.000000 0.000000 1.000000
0.882542 0.039474 0.468573 -1.888393 -0.074558 0.995612 0.056555 98.914398 -0.464284 -0.084848 0.881613 3.793141 0.000000 0.000000 0.000000 1.000000
0.886197 0.037152 0.461816 -1.763332 -0.071758 0.995758 0.057593 98.936203 -0.457717 -0.084178 0.885104 3.758576 0.000000 0.000000 0.000000 1.000000
0.891568 0.035124 0.451524 -1.636167 -0.069011 0.995882 0.058798 98.948364 -0.447599 -0.083582 0.890320 3.703995 0.000000 0.000000 0.000000 1.000000
0.898121 0.033447 0.438476 -1.513743 -0.066571 0.995953 0.060385 98.946762 -0.434681 -0.083423 0.896712 3.631783 0.000000 0.000000 0.000000 1.000000
0.905374 0.032381 0.423378 -1.402578 -0.064753 0.995955 0.062298 98.941246 -0.419648 -0.083818 0.903809 3.546593 0.000000 0.000000 0.000000 1.000000
0.912718 0.032175 0.407322 -1.305747 -0.063808 0.995888 0.064313 98.942757 -0.403578 -0.084690 0.911017 3.455259 0.000000 0.000000 0.000000 1.000000
0.919445 0.032763 0.391853 -1.221259 -0.063747 0.995760 0.066321 98.952858 -0.388018 -0.085958 0.917635 3.362641 0.000000 0.000000 0.000000 1.000000
0.925131 0.033697 0.378150 -1.143963 -0.064296 0.995571 0.068584 98.966370 -0.374164 -0.087763 0.923200 3.269838 0.000000 0.000000 0.000000 1.000000
0.929850 0.034554 0.366313 -1.070977 -0.065104 0.995323 0.071371 98.977829 -0.362134 -0.090213 0.927750 3.175001 0.000000 0.000000 0.000000 1.000000
0.933952 0.035279 0.355652 -1.001911 -0.065948 0.995040 0.074479 98.984833 -0.351260 -0.093014 0.931646 3.077334 0.000000 0.000000 0.000000 1.000000
0.937671 0.036012 0.345654 -0.932420 -0.066716 0.994770 0.077345 98.988724 -0.341061 -0.095585 0.935169 2.980022 0.000000 0.000000 0.000000 1.000000
0.940954 0.036838 0.336525 -0.856487 -0.067359 0.994559 0.079473 98.992401 -0.331766 -0.097449 0.938315 2.887799 0.000000 0.000000 0.000000 1.000000
0.943741 0.037777 0.328521 -0.774263 -0.067896 0.994424 0.080695 98.996597 -0.323641 -0.098461 0.941043 2.803933 0.000000 0.000000 0.000000 1.000000
0.946268 0.038867 0.321040 -0.688695 -0.068342 0.994364 0.081053 98.999840 -0.316081 -0.098638 0.943591 2.730728 0.000000 0.000000 0.000000 1.000000
0.948943 0.040210 0.312875 -0.599320 -0.068718 0.994373 0.080627 99.001839 -0.307872 -0.098010 0.946366 2.671269 0.000000 0.000000 0.000000 1.000000
0.952047 0.041849 0.303075 -0.504953 -0.069084 0.994422 0.079701 99.002884 -0.298049 -0.096817 0.949628 2.629026 0.000000 0.000000 0.000000 1.000000
0.955598 0.043724 0.291411 -0.407532 -0.069498 0.994474 0.078683 99.002792 -0.286360 -0.095442 0.953356 2.604326 0.000000 0.000000 0.000000 1.000000
0.959408 0.045841 0.278271 -0.311792 -0.070013 0.994527 0.077555 99.003387 -0.273193 -0.093890 0.957366 2.593334 0.000000 0.000000 0.000000 1.000000
0.963195 0.048326 0.264422 -0.222356 -0.070732 0.994605 0.075878 99.005806 -0.259329 -0.091788 0.961417 2.594031 0.000000 0.000000 0.000000 1.000000
0.966638 0.051221 0.250974 -0.141255 -0.071786 0.994710 0.073476 99.003448 -0.245883 -0.089041 0.965201 2.609794 0.000000 0.000000 0.000000 1.000000
0.969469 0.054232 0.239142 -0.068140 -0.073097 0.994814 0.070730 98.990356 -0.234066 -0.086051 0.968405 2.642356 0.000000 0.000000 0.000000 1.000000
0.971610 0.056837 0.229661 -0.002486 -0.074295 0.994909 0.068089 98.973824 -0.224622 -0.083219 0.970886 2.685791 0.000000 0.000000 0.000000 1.000000
0.973150 0.058647 0.222574 0.058242 -0.074960 0.995029 0.065563 98.965508 -0.217623 -0.080487 0.972709 2.732771 0.000000 0.000000 0.000000 1.000000
0.974264 0.059497 0.217416 0.119831 -0.074837 0.995203 0.063007 98.967834 -0.212625 -0.077656 0.974043 2.778951 0.000000 0.000000 0.000000 1.000000
0.975240 0.059428 0.213013 0.183346 -0.073911 0.995417 0.060679 98.974815 -0.208431 -0.074921 0.975163 2.818019 0.000000 0.000000 0.000000 1.000000
0.976530 0.058827 0.207190 0.241134 -0.072517 0.995614 0.059102 98.980263 -0.202805 -0.072740 0.976514 2.840365 0.000000 0.000000 0.000000 1.000000
0.978568 0.058240 0.197517 0.285432 -0.071097 0.995744 0.058637 98.983101 -0.193261 -0.071424 0.978544 2.836825 0.000000 0.000000 0.000000 1.000000
0.981471 0.058020 0.182613 0.315693 -0.069903 0.995789 0.059315 98.986092 -0.178402 -0.070981 0.981394 2.799592 0.000000 0.000000 0.000000 1.000000
0.984962 0.058402 0.162599 0.332355 -0.069095 0.995749 0.060905 98.989601 -0.158351 -0.071224 0.984811 2.721296 0.000000 0.000000 0.000000 1.000000
0.988529 0.059560 0.138790 0.330591 -0.068841 0.995633 0.063059 98.990112 -0.134428 -0.071890 0.988312 2.598904 0.000000 0.000000 0.000000 1.000000
0.991667 0.061566 0.113161 0.305427 -0.069270 0.995448 0.065454 98.986908 -0.108616 -0.072747 0.991418 2.440717 0.000000 0.000000 0.000000 1.000000
0.994071 0.064415 0.087602 0.260036 -0.070470 0.995202 0.067874 98.984512 -0.082809 -0.073645 0.993841 2.266052 0.000000 0.000000 0.000000 1.000000
0.995697 0.067731 0.063246 0.209666 -0.072127 0.994934 0.070030 98.988052 -0.058182 -0.074291 0.995538 2.089826 0.000000 0.000000 0.000000 1.000000
0.996695 0.070668 0.040062 0.175729 -0.073400 0.994742 0.071413 98.998436 -0.034804 -0.074118 0.996642 1.911476 0.000000 0.000000 0.000000 1.000000
0.997201 0.072707 0.017416 0.170306 -0.073776 0.994696 0.071678 99.014099 -0.012112 -0.072762 0.997276 1.726752 0.000000 0.000000 0.000000 1.000000
0.997228 0.074265 -0.004642 0.189903 -0.073750 0.994749 0.070966 99.033142 0.009888 -0.070427 0.997468 1.543250 0.000000 0.000000 0.000000 1.000000
0.996827 0.075551 -0.025064 0.226206 -0.073651 0.994850 0.069631 99.053696 0.030195 -0.067564 0.997258 1.374022 0.000000 0.000000 0.000000 1.000000
0.996155 0.076524 -0.042649 0.275879 -0.073524 0.994976 0.067950 99.073715 0.047635 -0.064553 0.996777 1.226118 0.000000 0.000000 0.000000 1.000000
0.995403 0.077055 -0.056881 0.335460 -0.073255 0.995120 0.066112 99.091843 0.061698 -0.061641 0.996190 1.102165 0.000000 0.000000 0.000000 1.000000
0.994715 0.077000 -0.067915 0.396596 -0.072662 0.995289 0.064182 99.107231 0.072537 -0.058908 0.995625 1.005930 0.000000 0.000000 0.000000 1.000000
0.994178 0.076519 -0.075856 0.450128 -0.071874 0.995474 0.062181 99.118553 0.080270 -0.056367 0.995178 0.940734 0.000000 0.000000 0.000000 1.000000
0.993860 0.075883 -0.080528 0.490905 -0.071133 0.995643 0.060297 99.124580 0.084753 -0.054199 0.994927 0.906207 0.000000 0.000000 0.000000 1.000000
0.993760 0.075293 -0.082297 0.518691 -0.070574 0.995771 0.058821 99.125977 0.086378 -0.052645 0.994870 0.898754 0.000000 0.000000 0.000000 1.000000
0.993791 0.074778 -0.082393 0.535199 -0.070131 0.995855 0.057919 99.125488 0.086382 -0.051781 0.994916 0.914610 0.000000 0.000000 0.000000 1.000000
0.993854 0.074315 -0.082047 0.541956 -0.069706 0.995899 0.057682 99.125214 0.085997 -0.051608 0.994958 0.951748 0.000000 0.000000 0.000000 1.000000
0.993875 0.073967 -0.082109 0.541966 -0.069312 0.995898 0.058165 99.124725 0.086075 -0.052118 0.994925 1.006021 0.000000 0.000000 0.000000 1.000000
0.993761 0.073924 -0.083518 0.541406 -0.069099 0.995848 0.059261 99.120865 0.087552 -0.053120 0.994743 1.069055 0.000000 0.000000 0.000000 1.000000
0.993424 0.074342 -0.087073 0.546077 -0.069196 0.995755 0.060701 99.109070 0.091216 -0.054277 0.994351 1.133400 0.000000 0.000000 0.000000 1.000000
0.992867 0.075244 -0.092488 0.556049 -0.069670 0.995636 0.062089 99.088554 0.096756 -0.055203 0.993776 1.197888 0.000000 0.000000 0.000000 1.000000
0.992190 0.076593 -0.098452 0.566238 -0.070604 0.995517 0.062942 99.066116 0.102832 -0.055499 0.993149 1.266238 0.000000 0.000000 0.000000 1.000000
0.991502 0.078281 -0.103901 0.574728 -0.071987 0.995413 0.063015 99.050270 0.108357 -0.055000 0.992589 1.341585 0.000000 0.000000 0.000000 1.000000
0.990802 0.080050 -0.109098 0.587999 -0.073519 0.995325 0.062633 99.042740 0.113602 -0.054036 0.992056 1.422595 0.000000 0.000000 0.000000 1.000000
0.989952 0.081635 -0.115460 0.616379 -0.074791 0.995244 0.062423 99.038109 0.120007 -0.053160 0.991349 1.505426 0.000000 0.000000 0.000000 1.000000
0.988768 0.082903 -0.124358 0.667363 -0.075553 0.995168 0.062708 99.032257 0.128956 -0.052608 0.990254 1.588640 0.000000 0.000000 0.000000 1.000000
0.987116 0.083807 -0.136301 0.743577 -0.075738 0.995113 0.063352 99.027840 0.140944 -0.052213 0.988640 1.675406 0.000000 0.000000 0.000000 1.000000
0.984914 0.084403 -0.151062 0.843512 -0.075431 0.995084 0.064174 99.027138 0.155736 -0.051811 0.986439 1.773134 0.000000 0.000000 0.000000 1.000000
0.982137 0.084695 -0.168027 0.961597 -0.074641 0.995071 0.065286 99.028267 0.172728 -0.051578 0.983618 1.890323 0.000000 0.000000 0.000000 1.000000
0.978839 0.084481 -0.186377 1.088665 -0.073149 0.995076 0.066879 99.021576 0.191110 -0.051831 0.980199 2.030623 0.000000 0.000000 0.000000 1.000000
0.975074 0.084005 -0.205362 1.221016 -0.071231 0.995082 0.068837 99.018929 0.210135 -0.052493 0.976262 2.192808 0.000000 0.000000 0.000000 1.000000
0.970861 0.083156 -0.224755 1.355263 -0.068844 0.995112 0.070793 99.012085 0.229543 -0.053257 0.971840 2.367233 0.000000 0.000000 0.000000 1.000000
0.966100 0.081679 -0.244906 1.489138 -0.065774 0.995201 0.072447 98.985176 0.249648 -0.053882 0.966836 2.540352 0.000000 0.000000 0.000000 1.000000
0.960613 0.079914 -0.266151 1.625632 -0.062379 0.995327 0.073713 98.952568 0.270798 -0.054208 0.961109 2.706202 0.000000 0.000000 0.000000 1.000000
0.954363 0.077932 -0.288303 1.762995 -0.058752 0.995481 0.074608 98.919464 0.292814 -0.054265 0.954628 2.865352 0.000000 0.000000 0.000000 1.000000
0.947462 0.075839 -0.310749 1.894750 -0.055087 0.995658 0.075034 98.892853 0.315090 -0.053973 0.947526 3.018876 0.000000 0.000000 0.000000 1.000000
0.940081 0.073798 -0.332868 2.009477 -0.051692 0.995858 0.074799 98.875671 0.337010 -0.053110 0.940002 3.161077 0.000000 0.000000 0.000000 1.000000
0.932406 0.072060 -0.354156 2.099645 -0.048881 0.996061 0.073977 98.865372 0.358092 -0.051665 0.932256 3.283634 0.000000 0.000000 0.000000 1.000000
0.924602 0.070926 -0.374274 2.170397 -0.046831 0.996225 0.073097 98.856369 0.378045 -0.050058 0.924433 3.382415 0.000000 0.000000 0.000000 1.000000
0.916809 0.070491 -0.393056 2.231494 -0.045476 0.996323 0.072608 98.845100 0.396729 -0.048693 0.916643 3.459995 0.000000 0.000000 0.000000 1.000000
0.909191 0.070565 -0.410356 2.283070 -0.044685 0.996379 0.072332 98.824387 0.413974 -0.047427 0.909052 3.523144 0.000000 0.000000 0.000000 1.000000
0.902027 0.070958 -0.425809 2.318161 -0.044386 0.996415 0.072020 98.803940 0.429392 -0.046064 0.901942 3.579018 0.000000 0.000000 0.000000 1.000000
0.895759 0.071687 -0.438721 2.333872 -0.044542 0.996419 0.071870 98.790688 0.442302 -0.044836 0.895745 3.627143 0.000000 0.000000 0.000000 1.000000
0.890901 0.072868 -0.448313 2.334270 -0.045169 0.996368 0.072186 98.782646 0.451945 -0.044060 0.890957 3.659893 0.000000 0.000000 0.000000 1.000000
0.887801 0.074512 -0.454155 2.324405 -0.046335 0.996264 0.072877 98.778992 0.457888 -0.043657 0.887937 3.669281 0.000000 0.000000 0.000000 1.000000
0.886443 0.076624 -0.456452 2.305806 -0.048219 0.996123 0.073575 98.782509 0.460320 -0.043210 0.886701 3.651740 0.000000 0.000000 0.000000 1.000000
0.886474 0.079204 -0.455950 2.279940 -0.050896 0.995954 0.074056 98.793556 0.459971 -0.042443 0.886919 3.608285 0.000000 0.000000 0.000000 1.000000
0.887577 0.081872 -0.453326 2.251993 -0.053868 0.995775 0.074371 98.806114 0.457499 -0.041590 0.888237 3.543551 0.000000 0.000000 0.000000 1.000000
0.889752 0.083988 -0.448650 2.227569 -0.056349 0.995618 0.074631 98.815788 0.452952 -0.041122 0.890586 3.465449 0.000000 0.000000 0.000000 1.000000
0.893224 0.085262 -0.441455 2.208432 -0.058034 0.995505 0.074846 98.825005 0.445852 -0.041235 0.894157 3.382404 0.000000 0.000000 0.000000 1.000000
0.898126 0.085809 -0.431285 2.192254 -0.059070 0.995429 0.075044 98.836578 0.435754 -0.041923 0.899089 3.298693 0.000000 0.000000 0.000000 1.000000
0.904228 0.085675 -0.418369 2.175726 -0.059422 0.995381 0.075407 98.856598 0.422897 -0.043325 0.905142 3.214089 0.000000 0.000000 0.000000 1.000000
0.910927 0.084786 -0.403762 2.157123 -0.058924 0.995359 0.076078 98.882835 0.408338 -0.045510 0.911695 3.127501 0.000000 0.000000 0.000000 1.000000
0.917577 0.083334 -0.388727 2.135884 -0.057748 0.995352 0.077067 98.911613 0.393343 -0.048267 0.918124 3.043537 0.000000 0.000000 0.000000 1.000000
0.923807 0.081594 -0.374063 2.111535 -0.056158 0.995337 0.078422 98.937279 0.378717 -0.051440 0.924082 2.967795 0.000000 0.000000 0.000000 1.000000
0.929663 0.079609 -0.359707 2.080993 -0.054206 0.995305 0.080182 98.955154 0.364401 -0.055044 0.929614 2.898687 0.000000 0.000000 0.000000 1.000000
0.935485 0.077403 -0.344784 2.035573 -0.052040 0.995253 0.082235 98.966782 0.349512 -0.058988 0.935073 2.829160 0.000000 0.000000 0.000000 1.000000
0.941532 0.075275 -0.328408 1.964691 -0.050105 0.995167 0.084455 98.975739 0.333178 -0.063063 0.940753 2.752181 0.000000 0.000000 0.000000 1.000000
0.947649 0.073534 -0.310731 1.864439 -0.048771 0.995037 0.086734 98.981956 0.315567 -0.067038 0.946532 2.664448 0.000000 0.000000 0.000000 1.000000
0.953380 0.072209 -0.293005 1.741323 -0.048057 0.994888 0.088817 98.986977 0.297921 -0.070596 0.951977 2.568867 0.000000 0.000000 0.000000 1.000000
0.958423 0.071217 -0.276321 1.604942 -0.047834 0.994750 0.090466 98.994911 0.281313 -0.073487 0.956798 2.472109 0.000000 0.000000 0.000000 1.000000
0.962849 0.070577 -0.260653 1.460181 -0.048072 0.994622 0.091736 99.004684 0.265726 -0.075797 0.961064 2.376858 0.000000 0.000000 0.000000 1.000000
0.966839 0.070348 -0.245508 1.309553 -0.048777 0.994483 0.092872 99.010941 0.250687 -0.077817 0.964936 2.279949 0.000000 0.000000 0.000000 1.000000
0.970436 0.070395 -0.230864 1.157276 -0.049769 0.994329 0.093986 99.011353 0.236171 -0.079718 0.968436 2.181441 0.000000 0.000000 0.000000 1.000000
0.973610 0.070436 -0.217077 1.007063 -0.050736 0.994180 0.095032 99.008507 0.222507 -0.081510 0.971518 2.087668 0.000000 0.000000 0.000000 1.000000
0.976374 0.070390 -0.204301 0.860427 -0.051572 0.994043 0.096019 99.004700 0.209843 -0.083215 0.974187 2.001948 0.000000 0.000000 0.000000 1.000000
0.978794 0.070328 -0.192394 0.718614 -0.052345 0.993906 0.097010 99.001236 0.198044 -0.084882 0.976511 1.919690 0.000000 0.000000 0.000000 1.000000
0.980930 0.070220 -0.181233 0.583224 -0.053043 0.993777 0.097949 98.998032 0.186983 -0.086468 0.978550 1.838724 0.000000 0.000000 0.000000 1.000000
0.982837 0.069969 -0.170689 0.453102 -0.053589 0.993668 0.098757 98.993813 0.176518 -0.087915 0.980363 1.764716 0.000000 0.000000 0.000000 1.000000
0.984564 0.069605 -0.160587 0.325087 -0.054020 0.993574 0.099457 98.985603 0.166478 -0.089247 0.981998 1.701234 0.000000 0.000000 0.000000 1.000000
0.986105 0.069242 -0.151005 0.198947 -0.054453 0.993500 0.099963 98.972176 0.156946 -0.090351 0.983466 1.643449 0.000000 0.000000 0.000000 1.000000
0.987464 0.068779 -0.142073 0.078791 -0.054833 0.993491 0.099848 98.957947 0.148015 -0.090806 0.984807 1.585487 0.000000 0.000000 0.000000 1.000000
0.988769 0.067856 -0.133159 -0.028026 -0.054937 0.993629 0.098408 98.955086 0.138989 -0.089987 0.986197 1.527478 0.000000 0.000000 0.000000 1.000000
0.990148 0.066209 -0.123382 -0.114356 -0.054595 0.993955 0.095248 98.967453 0.128943 -0.087574 0.987778 1.473714 0.000000 0.000000 0.000000 1.000000
0.991436 0.064302 -0.113665 -0.179049 -0.054094 0.994406 0.090720 98.984261 0.118862 -0.083795 0.989369 1.426513 0.000000 0.000000 0.000000 1.000000
0.992271 0.063156 -0.106819 -0.228719 -0.054128 0.994875 0.085401 98.996552 0.111666 -0.078959 0.990604 1.382853 0.000000 0.000000 0.000000 1.000000
0.992570 0.063084 -0.104046 -0.268257 -0.054922 0.995318 0.079531 99.005424 0.108576 -0.073225 0.991388 1.350087 0.000000 0.000000 0.000000 1.000000
0.992647 0.063297 -0.103177 -0.296291 -0.055878 0.995745 0.073274 99.011017 0.107376 -0.066970 0.991960 1.352744 0.000000 0.000000 0.000000 1.000000
0.992767 0.063211 -0.102069 -0.314744 -0.056526 0.996143 0.067113 99.011765 0.105918 -0.060858 0.992511 1.404936 0.000000 0.000000 0.000000 1.000000
0.992914 0.062805 -0.100887 -0.330685 -0.056759 0.996478 0.061723 99.010063 0.104408 -0.055560 0.992981 1.497791 0.000000 0.000000 0.000000 1.000000
0.993002 0.061972 -0.100534 -0.349610 -0.056380 0.996749 0.057551 99.005478 0.103774 -0.051480 0.993268 1.614946 0.000000 0.000000 0.000000 1.000000
0.992995 0.061211 -0.101063 -0.369989 -0.055889 0.996938 0.054686 99.009850 0.104101 -0.048654 0.993376 1.743675 0.000000 0.000000 0.000000 1.000000
0.992931 0.060812 -0.101931 -0.392663 -0.055617 0.997041 0.053063 99.017654 0.104857 -0.047019 0.993375 1.870155 0.000000 0.000000 0.000000 1.000000
0.992856 0.060896 -0.102611 -0.418487 -0.055727 0.997064 0.052519 99.020691 0.105508 -0.046426 0.993334 1.983017 0.000000 0.000000 0.000000 1.000000
0.992817 0.061392 -0.102692 -0.446322 -0.056187 0.997022 0.052827 99.011124 0.105629 -0.046677 0.993309 2.074672 0.000000 0.000000 0.000000 1.000000
0.992854 0.062295 -0.101784 -0.470983 -0.057036 0.996922 0.053791 98.993782 0.104821 -0.047602 0.993351 2.139701 0.000000 0.000000 0.000000 1.000000
0.993001 0.063413 -0.099643 -0.487442 -0.058117 0.996783 0.055192 98.978210 0.102822 -0.049015 0.993491 2.170445 0.000000 0.000000 0.000000 1.000000
0.993281 0.064346 -0.096190 -0.493919 -0.059075 0.996644 0.056673 98.966667 0.099514 -0.050610 0.993748 2.158230 0.000000 0.000000 0.000000 1.000000
0.993689 0.064816 -0.091550 -0.491405 -0.059670 0.996540 0.057865 98.958817 0.094984 -0.052037 0.994118 2.100129 0.000000 0.000000 0.000000 1.000000
0.994180 0.064807 -0.086061 -0.483711 -0.059878 0.996480 0.058665 98.955116 0.089560 -0.053170 0.994561 2.001612 0.000000 0.000000 0.000000 1.000000
0.994698 0.064537 -0.080070 -0.476153 -0.059882 0.996446 0.059238 98.956123 0.083608 -0.054129 0.995027 1.873732 0.000000 0.000000 0.000000 1.000000
0.995194 0.064307 -0.073842 -0.472914 -0.059957 0.996415 0.059680 98.957642 0.077415 -0.054965 0.995483 1.727450 0.000000 0.000000 0.000000 1.000000
0.995642 0.064069 -0.067766 -0.476533 -0.060046 0.996402 0.059820 98.950317 0.071354 -0.055490 0.995906 1.570051 0.000000 0.000000 0.000000 1.000000
0.995983 0.064213 -0.062402 -0.482705 -0.060496 0.996380 0.059728 98.947289 0.066012 -0.055713 0.996262 1.410139 0.000000 0.000000 0.000000 1.000000
0.996204 0.064640 -0.058309 -0.486666 -0.061150 0.996337 0.059782 98.952652 0.061959 -0.055989 0.996507 1.257032 0.000000 0.000000 0.000000 1.000000
0.996333 0.065051 -0.055572 -0.483921 -0.061680 0.996269 0.060360 98.962753 0.059291 -0.056711 0.996629 1.118220 0.000000 0.000000 0.000000 1.000000
0.996424 0.065153 -0.053795 -0.473000 -0.061815 0.996188 0.061549 98.972153 0.057600 -0.058004 0.996653 0.996535 0.000000 0.000000 0.000000 1.000000
0.996492 0.065202 -0.052465 -0.454716 -0.061853 0.996089 0.063101 98.979362 0.056374 -0.059634 0.996627 0.889216 0.000000 0.000000 0.000000 1.000000
0.996542 0.065266 -0.051424 -0.431113 -0.061895 0.995988 0.064627 98.986076 0.055435 -0.061221 0.996584 0.790443 0.000000 0.000000 0.000000 1.000000
0.996542 0.065340 -0.051326 -0.399510 -0.061910 0.995911 0.065798 98.995438 0.055415 -0.062392 0.996512 0.700878 0.000000 0.000000 0.000000 1.000000
0.996491 0.064380 -0.053488 -0.354815 -0.060776 0.995936 0.066472 99.010147 0.057550 -0.062988 0.996354 0.630729 0.000000 0.000000 0.000000 1.000000
0.996403 0.061535 -0.058265 -0.300355 -0.057620 0.996112 0.066640 99.029984 0.062139 -0.063043 0.996074 0.578745 0.000000 0.000000 0.000000 1.000000
0.996269 0.058442 -0.063498 -0.255055 -0.054206 0.996313 0.066495 99.050224 0.067150 -0.062805 0.995764 0.510298 0.000000 0.000000 0.000000 1.000000
0.996147 0.057166 -0.066501 -0.235826 -0.052744 0.996395 0.066447 99.064720 0.070059 -0.062684 0.995571 0.393502 0.000000 0.000000 0.000000 1.000000
0.996117 0.057226 -0.066900 -0.239912 -0.052775 0.996390 0.066500 99.072128 0.070464 -0.062712 0.995541 0.241046 0.000000 0.000000 0.000000 1.000000
0.996209 0.056883 -0.065823 -0.259062 -0.052498 0.996402 0.066532 99.071945 0.069371 -0.062824 0.995611 0.078270 0.000000 0.000000 0.000000 1.000000
0.996367 0.055920 -0.064239 -0.285547 -0.051655 0.996466 0.066240 99.086662 0.067716 -0.062681 0.995734 -0.087812 0.000000 0.000000 0.000000 1.000000
0.996522 0.054821 -0.062763 -0.315066 -0.050752 0.996615 0.064677 99.116135 0.066096 -0.061267 0.995931 -0.263416 0.000000 0.000000 0.000000 1.000000
0.996633 0.053962 -0.061726 -0.341074 -0.050165 0.996847 0.061482 99.150993 0.064849 -0.058178 0.996198 -0.448180 0.000000 0.000000 0.000000 1.000000
0.996721 0.053157 -0.060998 -0.359051 -0.049700 0.997144 0.056858 99.179855 0.063846 -0.053640 0.996517 -0.632958 0.000000 0.000000 0.000000 1.000000
0.996832 0.052194 -0.060012 -0.368699 -0.049149 0.997481 0.051146 99.199631 0.062530 -0.048035 0.996886 -0.809385 0.000000 0.000000 0.000000 1.000000
0.996986 0.051254 -0.058246 -0.373939 -0.048688 0.997815 0.044660 99.216644 0.060407 -0.041689 0.997303 -0.973152 0.000000 0.000000 0.000000 1.000000
0.997168 0.050624 -0.055623 -0.381977 -0.048556 0.998100 0.037931 99.234703 0.057437 -0.035123 0.997731 -1.119480 0.000000 0.000000 0.000000 1.000000
0.997353 0.050397 -0.052418 -0.399573 -0.048783 0.998308 0.031633 99.249397 0.053924 -0.028992 0.998124 -1.241509 0.000000 0.000000 0.000000 1.000000
0.997528 0.050465 -0.048909 -0.431484 -0.049222 0.998442 0.026286 99.258171 0.050159 -0.023814 0.998457 -1.334630 0.000000 0.000000 0.000000 1.000000
0.997689 0.050757 -0.045164 -0.479312 -0.049801 0.998516 0.022060 99.262733 0.046217 -0.019760 0.998736 -1.399330 0.000000 0.000000 0.000000 1.000000
0.997814 0.051559 -0.041342 -0.540023 -0.050824 0.998534 0.018646 99.273605 0.042243 -0.016504 0.998971 -1.440169 0.000000 0.000000 0.000000 1.000000
0.997865 0.053070 -0.038065 -0.608043 -0.052517 0.998501 0.015394 99.285049 0.038825 -0.013363 0.999157 -1.458154 0.000000 0.000000 0.000000 1.000000
0.997809 0.055609 -0.035833 -0.671875 -0.055215 0.998404 0.011878 99.295517 0.036436 -0.009873 0.999287 -1.438828 0.000000 0.000000 0.000000 1.000000
0.997709 0.058476 -0.034033 -0.728758 -0.058226 0.998269 0.008263 99.281631 0.034458 -0.006263 0.999387 -1.358804 0.000000 0.000000 0.000000 1.000000
0.997665 0.060751 -0.031213 -0.784736 -0.060611 0.998147 0.005387 99.230179 0.031482 -0.003483 0.999498 -1.206069 0.000000 0.000000 0.000000 1.000000
0.997709 0.062234 -0.026518 -0.840713 -0.062149 0.998059 0.004028 99.160225 0.026717 -0.002370 0.999640 -0.997950 0.000000 0.000000 0.000000 1.000000
0.997807 0.063035 -0.020188 -0.889614 -0.062973 0.998008 0.003735 99.119156 0.020383 -0.002456 0.999789 -0.773899 0.000000 0.000000 0.000000 1.000000
0.997928 0.063135 -0.012365 -0.924327 -0.063096 0.998001 0.003497 99.131470 0.012561 -0.002710 0.999917 -0.566824 0.000000 0.000000 0.000000 1.000000
0.998050 0.062348 -0.002903 -0.946605 -0.062338 0.998049 0.003356 99.173119 0.003107 -0.003169 0.999990 -0.382647 0.000000 0.000000 0.000000 1.000000
0.998129 0.060710 0.007205 -0.965821 -0.060743 0.998143 0.004497 99.198776 -0.006918 -0.004926 0.999964 -0.205378 0.000000 0.000000 0.000000 1.000000
0.998146 0.058807 0.015675 -0.990105 -0.058933 0.998232 0.007689 99.186874 -0.015195 -0.008598 0.999848 -0.020474 0.000000 0.000000 0.000000 1.000000
0.998137 0.057439 0.020556 -1.021378 -0.057700 0.998258 0.012318 99.154114 -0.019812 -0.013481 0.999713 0.167477 0.000000 0.000000 0.000000 1.000000
0.998141 0.057067 0.021399 -1.058108 -0.057440 0.998201 0.017207 99.131119 -0.020378 -0.018405 0.999623 0.338848 0.000000 0.000000 0.000000 1.000000
0.998154 0.057656 0.019082 -1.097790 -0.058067 0.998076 0.021720 99.129967 -0.017793 -0.022788 0.999582 0.474878 0.000000 0.000000 0.000000 1.000000
0.998164 0.058687 0.014966 -1.135320 -0.059061 0.997919 0.025866 99.139320 -0.013417 -0.026702 0.999553 0.569614 0.000000 0.000000 0.000000 1.000000
0.998184 0.059377 0.010163 -1.163278 -0.059657 0.997771 0.029887 99.144295 -0.008365 -0.030439 0.999502 0.629643 0.000000 0.000000 0.000000 1.000000
0.998232 0.059216 0.005221 -1.175209 -0.059360 0.997661 0.033896 99.141975 -0.003202 -0.034146 0.999412 0.662909 0.000000 0.000000 0.000000 1.000000
0.998297 0.058341 0.000156 -1.167012 -0.058305 0.997588 0.037665 99.138329 0.002042 -0.037610 0.999290 0.670840 0.000000 0.000000 0.000000 1.000000
0.998346 0.057258 -0.005140 -1.140389 -0.057003 0.997544 0.040695 99.137802 0.007458 -0.040335 0.999158 0.652416 0.000000 0.000000 0.000000 1.000000
0.998362 0.056265 -0.010369 -1.106414 -0.055775 0.997531 0.042677 99.139465 0.012744 -0.042028 0.999035 0.609862 0.000000 0.000000 0.000000 1.000000
0.998351 0.055416 -0.014971 -1.079423 -0.054712 0.997536 0.043908 99.138542 0.017367 -0.043016 0.998923 0.547666 0.000000 0.000000 0.000000 1.000000
0.998309 0.054904 -0.019084 -1.064307 -0.054000 0.997525 0.045030 99.129829 0.021509 -0.043923 0.998803 0.472309 0.000000 0.000000 0.000000 1.000000
0.998203 0.054987 -0.023814 -1.054675 -0.053843 0.997477 0.046275 99.114449 0.026299 -0.044910 0.998645 0.395495 0.000000 0.000000 0.000000 1.000000
0.998026 0.055409 -0.029578 -1.044711 -0.053970 0.997417 0.047403 99.101295 0.032128 -0.045713 0.998438 0.328825 0.000000 0.000000 0.000000 1.000000
0.997847 0.055645 -0.034721 -1.034353 -0.053932 0.997367 0.048478 99.095955 0.037328 -0.046501 0.998221 0.273681 0.000000 0.000000 0.000000 1.000000
0.997777 0.055253 -0.037252 -1.022282 -0.053355 0.997316 0.050150 99.091537 0.039923 -0.048051 0.998047 0.224880 0.000000 0.000000 0.000000 1.000000
0.997825 0.054280 -0.037396 -1.001547 -0.052268 0.997235 0.052824 99.079758 0.040160 -0.050755 0.997903 0.182484 0.000000 0.000000 0.000000 1.000000
0.997906 0.052981 -0.037106 -0.967130 -0.050865 0.997145 0.055803 99.066956 0.039956 -0.053798 0.997752 0.150197 0.000000 0.000000 0.000000 1.000000
0.997959 0.051636 -0.037567 -0.921921 -0.049428 0.997121 0.057510 99.068314 0.040428 -0.055536 0.997638 0.126386 0.000000 0.000000 0.000000 1.000000
0.997981 0.050603 -0.038389 -0.872925 -0.048380 0.997214 0.056780 99.085625 0.041155 -0.054808 0.997648 0.108776 0.000000 0.000000 0.000000 1.000000
0.997985 0.050111 -0.038912 -0.825726 -0.047975 0.997386 0.054029 99.101913 0.041518 -0.052053 0.997781 0.103387 0.000000 0.000000 0.000000 1.000000
0.997977 0.050056 -0.039195 -0.783008 -0.048034 0.997547 0.050923 99.101089 0.041648 -0.048937 0.997933 0.118260 0.000000 0.000000 0.000000 1.000000
0.997951 0.050198 -0.039667 -0.745164 -0.048242 0.997642 0.048818 99.085197 0.042024 -0.046805 0.998020 0.151044 0.000000 0.000000 0.000000 1.000000
0.997905 0.050438 -0.040510 -0.711476 -0.048478 0.997671 0.047994 99.069107 0.042836 -0.045929 0.998026 0.188979 0.000000 0.000000 0.000000 1.000000
0.997843 0.050751 -0.041636 -0.680985 -0.048732 0.997650 0.048161 99.063293 0.043982 -0.046029 0.997971 0.220230 0.000000 0.000000 0.000000 1.000000
0.997768 0.051052 -0.043039 -0.652587 -0.048931 0.997601 0.048962 99.065918 0.045436 -0.046747 0.997873 0.242715 0.000000 0.000000 0.000000 1.000000
0.997669 0.051304 -0.044985 -0.624944 -0.049045 0.997546 0.049965 99.069809 0.047438 -0.047642 0.997737 0.261797 0.000000 0.000000 0.000000 1.000000
0.997523 0.051632 -0.047777 -0.597072 -0.049198 0.997496 0.050800 99.070778 0.050280 -0.048323 0.997565 0.282173 0.000000 0.000000 0.000000 1.000000
0.997315 0.052183 -0.051377 -0.568807 -0.049540 0.997446 0.051443 99.069305 0.053931 -0.048760 0.997353 0.303138 0.000000 0.000000 0.000000 1.000000
0.997062 0.052948 -0.055350 -0.540281 -0.050072 0.997384 0.052133 99.067772 0.057965 -0.049208 0.997105 0.319758 0.000000 0.000000 0.000000 1.000000
0.996796 0.053814 -0.059177 -0.511460 -0.050694 0.997306 0.053025 99.068031 0.061871 -0.049855 0.996838 0.327034 0.000000 0.000000 0.000000 1.000000
0.996542 0.054693 -0.062546 -0.481601 -0.051335 0.997216 0.054085 99.069748 0.065330 -0.050687 0.996576 0.322716 0.000000 0.000000 0.000000 1.000000
