<?xml version="1.0" encoding="utf-8"?>
<COLLADA xmlns="http://www.collada.org/2005/11/COLLADASchema" version="1.4.1">
  <asset>
    <contributor>
      <author>Mixamo</author>
      <authoring_tool>COLLADA Mixamo exporter</authoring_tool>
      <comments/>
    </contributor>
    <created>2024-05-03T13:17:19Z</created>
    <modified>2024-05-03T13:17:19Z</modified>
    <revision/>
    <title/>
    <unit meter="0.010000"/>
    <up_axis>Y_UP</up_axis>
  </asset>
  <library_animations>
    <animation id="mixamorig_Hips-anim" name="mixamorig_Hips">
      <source id="mixamorig_Hips-Matrix-animation-input">
        <float_array id="mixamorig_Hips-Matrix-animation-input-array" count="64">

0.000000 0.033333 0.066667 0.100000 0.133333 0.166667 0.200000 0.233333 0.266667 0.300000 0.333333 0.366667 0.400000 0.433333 0.466667 0.500000
0.533333 0.566667 0.600000 0.633333 0.666667 0.700000 0.733333 0.766667 0.800000 0.833333 0.866667 0.900000 0.933333 0.966667 1.000000 1.033333
1.066667 1.100000 1.133333 1.166667 1.200000 1.233333 1.266667 1.300000 1.333333 1.366667 1.400000 1.433333 1.466667 1.500000 1.533333 1.566667
1.600000 1.633333 1.666667 1.700000 1.733333 1.766667 1.800000 1.833333 1.866667 1.900000 1.933333 1.966667 2.000000 2.033333 2.066667 2.100000</float_array>
        <technique_common>
          <accessor source="#mixamorig_Hips-Matrix-animation-input-array" count="64">
            <param name="TIME" type="float"/>
          </accessor>
        </technique_common>
      </source>
      <source id="mixamorig_Hips-Matrix-animation-output-transform">
        <float_array id="mixamorig_Hips-Matrix-animation-output-transform-array" count="1024">

0.979604 -0.114764 0.164943 -0.069937 0.100992 0.990843 0.089614 99.812927 -0.173717 -0.071128 0.982224 1.193533 0.000000 0.000000 0.000000 1.000000
0.983326 -0.102321 0.150334 -0.521095 0.090064 0.992197 0.086214 99.846420 -0.157982 -0.071237 0.984869 1.659151 0.000000 0.000000 0.000000 1.000000
0.987434 -0.078352 0.137237 -1.243343 0.070380 0.995590 0.062019 100.009048 -0.141491 -0.051581 0.988595 1.786958 0.000000 0.000000 0.000000 1.000000
0.989683 -0.058202 0.130918 -2.224477 0.054251 0.997964 0.033549 100.268669 -0.132604 -0.026100 0.990825 1.616876 0.000000 0.000000 0.000000 1.000000
0.990991 -0.044784 0.126221 -3.399366 0.043296 0.998957 0.014503 100.364319 -0.126738 -0.008907 0.991896 1.370039 0.000000 0.000000 0.000000 1.000000
0.993522 -0.036803 0.107519 -4.663027 0.036100 0.999312 0.008471 100.170525 -0.107757 -0.004534 0.994167 1.240631 0.000000 0.000000 0.000000 1.000000
0.997087 -0.028957 0.070566 -5.975206 0.028528 0.999568 0.007079 99.760918 -0.070740 -0.005045 0.997482 1.417155 0.000000 0.000000 0.000000 1.000000
0.999589 -0.023421 0.016524 -7.486632 0.023226 0.999660 0.011876 99.344048 -0.016796 -0.011487 0.999793 1.939517 0.000000 0.000000 0.000000 1.000000
0.999201 -0.022556 -0.033001 -9.181730 0.023092 0.999606 0.015969 99.192940 0.032628 -0.016718 0.999328 2.673024 0.000000 0.000000 0.000000 1.000000
0.997478 -0.019299 -0.068308 -11.072632 0.020588 0.999622 0.018220 99.396652 0.067930 -0.019580 0.997498 3.550853 0.000000 0.000000 0.000000 1.000000
0.996176 -0.017313 -0.085632 -13.104657 0.018613 0.999723 0.014407 99.844727 0.085359 -0.015946 0.996223 4.547588 0.000000 0.000000 0.000000 1.000000
0.995684 -0.018767 -0.090889 -15.125845 0.019243 0.999805 0.004366 100.262337 0.090790 -0.006096 0.995851 5.494802 0.000000 0.000000 0.000000 1.000000
0.996242 -0.026571 -0.082443 -17.096720 0.025975 0.999628 -0.008300 100.482231 0.082633 0.006127 0.996561 6.342708 0.000000 0.000000 0.000000 1.000000
0.996958 -0.036486 -0.068877 -19.166399 0.035524 0.999254 -0.015153 100.265594 0.069378 0.012660 0.997510 7.245603 0.000000 0.000000 0.000000 1.000000
0.997690 -0.049474 -0.046543 -21.408298 0.049178 0.998762 -0.007466 99.594963 0.046854 0.005159 0.998888 8.154757 0.000000 0.000000 0.000000 1.000000
0.996851 -0.071422 -0.034445 -24.340652 0.072021 0.997267 0.016474 98.397186 0.033175 -0.018903 0.999271 8.726785 0.000000 0.000000 0.000000 1.000000
0.997198 -0.071556 -0.021818 -27.656944 0.072158 0.996996 0.028157 98.081825 0.019738 -0.029652 0.999365 8.738344 0.000000 0.000000 0.000000 1.000000
0.998761 -0.048799 0.009753 -30.893499 0.048695 0.998758 0.010590 98.617401 -0.010258 -0.010102 0.999896 8.525442 0.000000 0.000000 0.000000 1.000000
0.998453 -0.028442 0.047780 -33.986584 0.029056 0.999503 -0.012211 99.310951 -0.047409 0.013581 0.998783 7.910390 0.000000 0.000000 0.000000 1.000000
0.996383 -0.024629 0.081333 -36.898678 0.026958 0.999254 -0.027663 99.812225 -0.080591 0.029756 0.996303 7.109817 0.000000 0.000000 0.000000 1.000000
0.996009 -0.023677 0.086058 -39.408382 0.026464 0.999157 -0.031381 99.918602 -0.085243 0.033533 0.995796 6.146170 0.000000 0.000000 0.000000 1.000000
0.997514 -0.016993 0.068394 -41.610813 0.018206 0.999687 -0.017146 99.459991 -0.068081 0.018348 0.997511 5.191002 0.000000 0.000000 0.000000 1.000000
0.998891 -0.007144 0.046545 -43.647385 0.007040 0.999972 0.002388 98.581558 -0.046561 -0.002057 0.998913 4.449651 0.000000 0.000000 0.000000 1.000000
0.999178 0.009692 0.039363 -45.316185 -0.010795 0.999552 0.027916 97.832855 -0.039075 -0.028318 0.998835 4.059373 0.000000 0.000000 0.000000 1.000000
0.998956 0.028566 0.035639 -46.754520 -0.030248 0.998408 0.047603 97.209007 -0.034222 -0.048631 0.998230 3.973762 0.000000 0.000000 0.000000 1.000000
0.999172 0.035793 0.019365 -48.051697 -0.036770 0.997932 0.052727 97.039253 -0.017438 -0.053396 0.998421 4.206434 0.000000 0.000000 0.000000 1.000000
0.999200 0.038968 0.008968 -49.097313 -0.039416 0.997604 0.056851 97.472916 -0.006731 -0.057159 0.998342 4.732267 0.000000 0.000000 0.000000 1.000000
0.999081 0.042273 0.007036 -49.931343 -0.042624 0.997239 0.060802 98.326706 -0.004446 -0.061046 0.998125 5.439252 0.000000 0.000000 0.000000 1.000000
0.999096 0.041210 0.010435 -50.539452 -0.041753 0.997409 0.058587 99.100609 -0.007993 -0.058969 0.998228 6.281270 0.000000 0.000000 0.000000 1.000000
0.999153 0.040380 0.007938 -50.927723 -0.040750 0.997721 0.053788 99.340393 -0.005748 -0.054066 0.998521 7.020435 0.000000 0.000000 0.000000 1.000000
0.998915 0.045908 0.007783 -51.224308 -0.046268 0.997409 0.055085 99.097908 -0.005234 -0.055385 0.998451 7.663592 0.000000 0.000000 0.000000 1.000000
0.998248 0.054932 0.021995 -51.362896 -0.056302 0.996131 0.067480 98.999184 -0.018203 -0.068600 0.997478 8.131436 0.000000 0.000000 0.000000 1.000000
0.998134 0.043672 0.042682 -51.315125 -0.046739 0.996183 0.073726 99.214638 -0.039300 -0.075583 0.996365 8.165245 0.000000 0.000000 0.000000 1.000000
0.997858 0.022684 0.061354 -50.953930 -0.026289 0.997935 0.058606 99.607864 -0.059898 -0.060094 0.996394 7.780147 0.000000 0.000000 0.000000 1.000000
0.996685 -0.002358 0.081324 -50.382977 -0.000805 0.999245 0.038836 100.144508 -0.081354 -0.038773 0.995931 7.036667 0.000000 0.000000 0.000000 1.000000
0.994361 -0.027993 0.102292 -49.762600 0.025901 0.999428 0.021728 100.370277 -0.102841 -0.018956 0.994517 6.155455 0.000000 0.000000 0.000000 1.000000
0.991040 -0.043230 0.126379 -49.175175 0.041240 0.998981 0.018327 100.109177 -0.127042 -0.012951 0.991813 5.292977 0.000000 0.000000 0.000000 1.000000
0.987052 -0.054582 0.150828 -48.490543 0.050201 0.998204 0.032704 99.418213 -0.152342 -0.024709 0.988019 4.638750 0.000000 0.000000 0.000000 1.000000
0.982260 -0.067754 0.174856 -47.590714 0.059310 0.996827 0.053078 98.935036 -0.177898 -0.041766 0.983162 4.268474 0.000000 0.000000 0.000000 1.000000
0.976913 -0.079583 0.198259 -46.334053 0.067159 0.995379 0.068630 98.755417 -0.202804 -0.053731 0.977744 4.214583 0.000000 0.000000 0.000000 1.000000
0.974625 -0.098620 0.200949 -44.786461 0.086129 0.993821 0.070005 98.878105 -0.206611 -0.050921 0.977097 4.506182 0.000000 0.000000 0.000000 1.000000
0.974745 -0.114326 0.191837 -42.918118 0.104236 0.992623 0.061918 99.256714 -0.197501 -0.040358 0.979472 4.968968 0.000000 0.000000 0.000000 1.000000
0.974238 -0.119990 0.190951 -40.902424 0.111684 0.992291 0.053719 99.653564 -0.195925 -0.031009 0.980128 5.544977 0.000000 0.000000 0.000000 1.000000
0.973286 -0.116449 0.197875 -38.768883 0.111043 0.993080 0.038236 99.732979 -0.200958 -0.015242 0.979481 6.124717 0.000000 0.000000 0.000000 1.000000
0.972544 -0.107159 0.206581 -36.712177 0.103165 0.994210 0.030041 99.341942 -0.208604 -0.007904 0.977968 6.646262 0.000000 0.000000 0.000000 1.000000
0.970775 -0.094669 0.220529 -34.391678 0.090414 0.995472 0.029333 98.610580 -0.222308 -0.008537 0.974939 7.043672 0.000000 0.000000 0.000000 1.000000
0.968142 -0.079285 0.237519 -31.490141 0.073463 0.996743 0.033276 97.653809 -0.239384 -0.014767 0.970813 7.177112 0.000000 0.000000 0.000000 1.000000
0.968047 -0.072633 0.240020 -28.300510 0.066882 0.997247 0.032032 97.117226 -0.241685 -0.014955 0.970239 6.848859 0.000000 0.000000 0.000000 1.000000
0.972459 -0.078202 0.219564 -24.989895 0.075398 0.996930 0.021135 97.260071 -0.220542 -0.003998 0.975369 6.112311 0.000000 0.000000 0.000000 1.000000
0.979199 -0.089173 0.182254 -21.724127 0.089407 0.995971 0.006949 97.666138 -0.182140 0.009490 0.983227 5.014433 0.000000 0.000000 0.000000 1.000000
0.984884 -0.096437 0.143888 -18.899359 0.098295 0.995140 -0.005841 97.938339 -0.142625 0.019896 0.989577 3.728053 0.000000 0.000000 0.000000 1.000000
0.986315 -0.098769 0.132011 -16.355007 0.100186 0.994960 -0.004123 97.820099 -0.130938 0.017292 0.991240 2.422723 0.000000 0.000000 0.000000 1.000000
0.983016 -0.090048 0.159907 -13.952134 0.087703 0.995911 0.021673 97.446808 -0.161205 -0.007281 0.986894 1.252859 0.000000 0.000000 0.000000 1.000000
0.978324 -0.086680 0.188065 -11.786747 0.078601 0.995651 0.050014 96.888649 -0.191583 -0.034148 0.980882 0.413829 0.000000 0.000000 0.000000 1.000000
0.976923 -0.099201 0.189157 -9.835182 0.087099 0.993647 0.071273 96.520576 -0.195025 -0.053153 0.979357 0.011697 0.000000 0.000000 0.000000 1.000000
0.974570 -0.116943 0.191150 -7.998132 0.102739 0.991270 0.082639 96.391396 -0.199145 -0.060899 0.978076 -0.252857 0.000000 0.000000 0.000000 1.000000
0.970521 -0.123876 0.206747 -6.351318 0.108601 0.990555 0.083709 96.619095 -0.215163 -0.058788 0.974807 -0.400918 0.000000 0.000000 0.000000 1.000000
0.967997 -0.124454 0.217928 -4.959547 0.109898 0.990899 0.077733 97.346466 -0.225619 -0.051296 0.972864 -0.410323 0.000000 0.000000 0.000000 1.000000
0.965861 -0.122214 0.228419 -3.752476 0.108633 0.991532 0.071160 98.330429 -0.235182 -0.043917 0.970959 -0.323827 0.000000 0.000000 0.000000 1.000000
0.964381 -0.116789 0.237339 -2.751801 0.103473 0.992315 0.067855 99.152313 -0.243439 -0.040880 0.969054 -0.134046 0.000000 0.000000 0.000000 1.000000
0.964750 -0.113579 0.237396 -1.851292 0.099438 0.992525 0.070757 99.631737 -0.243658 -0.044657 0.968833 0.075123 0.000000 0.000000 0.000000 1.000000
0.967579 -0.111132 0.226805 -0.971875 0.095399 0.992282 0.079223 99.727516 -0.233858 -0.055017 0.970713 0.369322 0.000000 0.000000 0.000000 1.000000
0.971838 -0.116537 0.204815 -0.295823 0.100383 0.991085 0.087602 99.740158 -0.213198 -0.064575 0.974873 0.760394 0.000000 0.000000 0.000000 1.000000
0.979604 -0.114764 0.164943 -0.069937 0.100992 0.990843 0.089614 99.812927 -0.173717 -0.071128 0.982224 1.193534 0.000000 0.000000 0.000000 1.000000</float_array>
        <technique_common>
          <accessor source="#mixamorig_Hips-Matrix-animation-output-transform-array" count="64" stride="16">
            <param type="float4x4"/>
          </accessor>
        </technique_common>
      </source>
      <source id="mixamorig_Hips-Interpolations">
        <Name_array id="mixamorig_Hips-Interpolations-array" count="64">
 LINEAR LINEAR LINEAR LINEAR LINEAR LINEAR LINEAR LINEAR LINEAR LINEAR LINEAR
LINEAR LINEAR LINEAR LINEAR LINEAR LINEAR LINEAR LINEAR LINEAR LINEAR LINEAR LINEAR
LINEAR LINEAR LINEAR LINEAR LINEAR LINEAR LINEAR LINEAR LINEAR LINEAR LINEAR LINEAR
LINEAR LINEAR LINEAR LINEAR LINEAR LINEAR LINEAR LINEAR LINEAR LINEAR LINEAR LINEAR
LINEAR LINEAR LINEAR LINEAR LINEAR LINEAR LINEAR LINEAR LINEAR LINEAR LINEAR LINEAR
LINEAR LINEAR LINEAR LINEAR LINEAR</Name_array>
        <technique_common>
          <accessor source="#mixamorig_Hips-Interpolations-array" count="64">
            <param type="name"/>
          </accessor>
        </technique_common>
      </source>
      <sampler id="mixamorig_Hips-Matrix-animation-transform">
        <input semantic="INPUT" source="#mixamorig_Hips-Matrix-animation-input"/>
        <input semantic="OUTPUT" source="#mixamorig_Hips-Matrix-animation-output-transform"/>
        <input semantic="INTERPOLATION" source="#mixamorig_Hips-Interpolations"/>
      </sampler>
      <channel source="#mixamorig_Hips-Matrix-animation-transform" target="mixamorig_Hips/matrix"/>
    </animation>
    <animation id="mixamorig_Spine-anim" name="mixamorig_Spine">
      <source id="mixamorig_Spine-Matrix-animation-input">
        <float_array id="mixamorig_Spine-Matrix-animation-input-array" count="64">

0.000000 0.033333 0.066667 0.100000 0.133333 0.166667 0.200000 0.233333 0.266667 0.300000 0.333333 0.366667 0.400000 0.433333 0.466667 0.500000
0.533333 0.566667 0.600000 0.633333 0.666667 0.700000 0.733333 0.766667 0.800000 0.833333 0.866667 0.900000 0.933333 0.966667 1.000000 1.033333
1.066667 1.100000 1.133333 1.166667 1.200000 1.233333 1.266667 1.300000 1.333333 1.366667 1.400000 1.433333 1.466667 1.500000 1.533333 1.566667
1.600000 1.633333 1.666667 1.700000 1.733333 1.766667 1.800000 1.833333 1.866667 1.900000 1.933333 1.966667 2.000000 2.033333 2.066667 2.100000</float_array>
        <technique_common>
          <accessor source="#mixamorig_Spine-Matrix-animation-input-array" count="64">
            <param name="TIME" type="float"/>
          </accessor>
        </technique_common>
      </source>
      <source id="mixamorig_Spine-Matrix-animation-output-transform">
        <float_array id="mixamorig_Spine-Matrix-animation-output-transform-array" count="1024">

0.987256 0.152832 0.044365 0.000000 -0.151441 0.987908 -0.033213 10.182400 -0.048905 0.026071 0.998463 0.000000 0.000000 0.000000 0.000000 1.000000
0.988819 0.141818 0.046090 -0.000000 -0.140173 0.989429 -0.037170 10.182400 -0.050874 0.030293 0.998246 0.000000 0.000000 0.000000 0.000000 1.000000
0.991557 0.124297 0.036954 -0.000000 -0.123165 0.991887 -0.031476 10.182400 -0.040567 0.026659 0.998821 -0.000000 0.000000 0.000000 0.000000 1.000000
0.993282 0.114872 0.013995 0.000000 -0.114418 0.992985 -0.029820 10.182400 -0.017322 0.028019 0.999457 0.000000 0.000000 0.000000 0.000000 1.000000
0.993433 0.113012 -0.017847 0.000000 -0.113604 0.992851 -0.036621 10.182400 0.013581 0.038408 0.999170 0.000000 0.000000 0.000000 0.000000 1.000000
0.992749 0.112703 -0.041812 0.000000 -0.114782 0.992072 -0.051176 10.182400 0.035713 0.055604 0.997814 0.000000 0.000000 0.000000 0.000000 1.000000
0.993135 0.107629 -0.045810 0.000000 -0.110360 0.991959 -0.061953 10.182400 0.038774 0.066583 0.997027 0.000000 0.000000 0.000000 0.000000 1.000000
0.993681 0.107558 -0.032075 -0.000000 -0.109533 0.991656 -0.067977 10.182400 0.024495 0.071060 0.997171 -0.000000 0.000000 0.000000 0.000000 1.000000
0.993591 0.110358 -0.024449 0.000000 -0.111748 0.991571 -0.065575 10.182400 0.017006 0.067887 0.997548 0.000000 0.000000 0.000000 0.000000 1.000000
0.994072 0.106312 -0.022756 0.000000 -0.107445 0.992617 -0.056283 10.182400 0.016604 0.058394 0.998156 0.000000 0.000000 0.000000 0.000000 1.000000
0.994767 0.098405 -0.027461 0.000000 -0.099435 0.994277 -0.039068 10.182400 0.023460 0.041594 0.998859 -0.000000 0.000000 0.000000 0.000000 1.000000
0.995326 0.091102 -0.032049 0.000000 -0.091703 0.995627 -0.017798 10.182400 0.030288 0.020654 0.999328 0.000000 0.000000 0.000000 0.000000 1.000000
0.995642 0.087521 -0.032210 0.000000 -0.087395 0.996160 0.005311 10.182400 0.032552 -0.002473 0.999467 0.000000 0.000000 0.000000 0.000000 1.000000
0.996068 0.083968 -0.028262 0.000000 -0.083236 0.996187 0.026145 10.182400 0.030350 -0.023690 0.999259 -0.000000 0.000000 0.000000 0.000000 1.000000
0.996088 0.084727 -0.025101 0.000000 -0.083808 0.995844 0.035657 10.182400 0.028018 -0.033414 0.999049 0.000000 0.000000 0.000000 0.000000 1.000000
0.994768 0.101880 -0.007585 -0.000000 -0.101687 0.994561 0.022563 10.182400 0.009842 -0.021674 0.999717 0.000000 0.000000 0.000000 0.000000 1.000000
0.995324 0.096557 -0.002736 0.000000 -0.096536 0.995305 0.007032 10.182400 0.003402 -0.006735 0.999972 0.000000 0.000000 0.000000 0.000000 1.000000
0.997388 0.068776 -0.022062 0.000000 -0.068444 0.997535 0.015488 10.182400 0.023073 -0.013938 0.999637 0.000000 0.000000 0.000000 0.000000 1.000000
0.998251 0.046154 -0.036949 0.000000 -0.045587 0.998831 0.016049 10.182400 0.037646 -0.014337 0.999188 0.000000 0.000000 0.000000 0.000000 1.000000
0.998139 0.040619 -0.045479 0.000000 -0.040410 0.999168 0.005511 10.182400 0.045665 -0.003663 0.998950 0.000000 0.000000 0.000000 0.000000 1.000000
0.998808 0.034363 -0.034679 0.000000 -0.035020 0.999215 -0.018498 10.182400 0.034016 0.019691 0.999227 0.000000 0.000000 0.000000 0.000000 1.000000
0.999741 0.016627 -0.015536 0.000000 -0.017468 0.998296 -0.055675 10.182400 0.014584 0.055932 0.998328 0.000000 0.000000 0.000000 0.000000 1.000000
0.999988 -0.004172 -0.002493 0.000000 0.003934 0.996044 -0.088774 10.182400 0.002854 0.088763 0.996049 -0.000000 0.000000 0.000000 0.000000 1.000000
0.999413 -0.033747 -0.005918 0.000000 0.032829 0.992647 -0.116506 10.182400 0.009806 0.116243 0.993172 0.000000 0.000000 0.000000 0.000000 1.000000
0.997895 -0.061695 -0.019982 0.000000 0.058534 0.989521 -0.131990 10.182400 0.027916 0.130542 0.991050 0.000000 0.000000 0.000000 0.000000 1.000000
0.997176 -0.069946 -0.027332 -0.000000 0.065981 0.989846 -0.125905 10.182400 0.035861 0.123746 0.991666 0.000000 0.000000 0.000000 0.000000 1.000000
0.996913 -0.071807 -0.031751 0.000000 0.067737 0.991096 -0.114630 10.182400 0.039699 0.112126 0.992901 0.000000 0.000000 0.000000 0.000000 1.000000
0.996730 -0.073263 -0.034073 0.000000 0.069520 0.992514 -0.100414 10.182400 0.041175 0.097717 0.994362 0.000000 0.000000 0.000000 0.000000 1.000000
0.996767 -0.071931 -0.035802 -0.000000 0.068999 0.994616 -0.077313 10.182400 0.041170 0.074593 0.996364 0.000000 0.000000 0.000000 0.000000 1.000000
0.997030 -0.072365 -0.026350 0.000000 0.070859 0.996013 -0.054198 10.182400 0.030167 0.052170 0.998182 0.000000 0.000000 0.000000 0.000000 1.000000
0.996591 -0.080720 -0.017037 0.000000 0.080010 0.996035 -0.038881 10.182400 0.020108 0.037386 0.999099 0.000000 0.000000 0.000000 0.000000 1.000000
0.995267 -0.095497 -0.018003 0.000000 0.094753 0.994758 -0.038441 10.182400 0.021579 0.036553 0.999099 0.000000 0.000000 0.000000 0.000000 1.000000
0.995181 -0.096515 -0.017327 -0.000000 0.095684 0.994452 -0.043692 10.182400 0.021448 0.041824 0.998895 -0.000000 0.000000 0.000000 0.000000 1.000000
0.995561 -0.093614 -0.009705 -0.000000 0.093172 0.994892 -0.038854 10.182400 0.013293 0.037777 0.999198 0.000000 0.000000 0.000000 0.000000 1.000000
0.995944 -0.089969 0.000850 -0.000000 0.089928 0.995105 -0.040964 10.182400 0.002840 0.040874 0.999160 0.000000 0.000000 0.000000 0.000000 1.000000
0.996501 -0.082933 0.010382 -0.000000 0.083355 0.995231 -0.050661 10.182400 -0.006131 0.051349 0.998662 0.000000 0.000000 0.000000 0.000000 1.000000
0.996467 -0.083292 0.010784 0.000000 0.083855 0.993872 -0.072020 10.182400 -0.004719 0.072670 0.997345 0.000000 0.000000 0.000000 0.000000 1.000000
0.996191 -0.087181 0.001767 0.000000 0.086907 0.990998 -0.101830 10.182400 0.007126 0.101596 0.994800 -0.000000 0.000000 0.000000 0.000000 1.000000
0.995716 -0.091568 -0.012863 0.000000 0.089223 0.987968 -0.126327 10.182400 0.024276 0.124638 0.991905 0.000000 0.000000 0.000000 0.000000 1.000000
0.994816 -0.097009 -0.030497 0.000000 0.092038 0.986477 -0.135620 10.182400 0.043241 0.132110 0.990291 0.000000 0.000000 0.000000 0.000000 1.000000
0.995886 -0.082928 -0.036528 -0.000000 0.077878 0.989362 -0.122870 10.182400 0.046329 0.119520 0.991750 0.000000 0.000000 0.000000 0.000000 1.000000
0.997593 -0.064750 -0.024806 -0.000000 0.062024 0.993230 -0.098222 10.182400 0.030998 0.096447 0.994855 0.000000 0.000000 0.000000 0.000000 1.000000
0.998511 -0.052089 -0.016199 0.000000 0.050793 0.996101 -0.072126 10.182400 0.019893 0.071195 0.997264 0.000000 0.000000 0.000000 0.000000 1.000000
0.999028 -0.042559 -0.011459 -0.000000 0.042064 0.998295 -0.040462 10.182400 0.013161 0.039940 0.999115 0.000000 0.000000 0.000000 0.000000 1.000000
0.999384 -0.034127 -0.008127 -0.000000 0.033965 0.999237 -0.019274 10.182400 0.008778 0.018986 0.999781 0.000000 0.000000 0.000000 0.000000 1.000000
0.999445 -0.031061 -0.012030 0.000000 0.030966 0.999489 -0.007950 10.182400 0.012270 0.007573 0.999896 0.000000 0.000000 0.000000 0.000000 1.000000
0.999220 -0.036845 -0.014198 0.000000 0.036741 0.999296 -0.007553 10.182400 0.014466 0.007025 0.999871 -0.000000 0.000000 0.000000 0.000000 1.000000
0.999391 -0.033384 -0.010159 0.000000 0.033258 0.999371 -0.012343 10.182400 0.010565 0.011998 0.999872 0.000000 0.000000 0.000000 0.000000 1.000000
0.999918 -0.011435 0.005737 0.000000 0.011535 0.999777 -0.017686 10.182400 -0.005533 0.017750 0.999827 0.000000 0.000000 0.000000 0.000000 1.000000
0.999451 0.019740 0.026613 0.000000 -0.018918 0.999347 -0.030800 10.182400 -0.027204 0.030280 0.999171 -0.000000 0.000000 0.000000 0.000000 1.000000
0.997739 0.050423 0.044439 0.000000 -0.048251 0.997648 -0.048683 10.182400 -0.046790 0.046428 0.997825 0.000000 0.000000 0.000000 0.000000 1.000000
0.996848 0.067896 0.041046 0.000000 -0.064757 0.995191 -0.073500 10.182400 -0.045839 0.070610 0.996450 -0.000000 0.000000 0.000000 0.000000 1.000000
0.997722 0.065485 0.016228 -0.000000 -0.063222 0.991476 -0.113927 10.182400 -0.023550 0.112641 0.993357 0.000000 0.000000 0.000000 0.000000 1.000000
0.997715 0.067362 0.005179 0.000000 -0.065861 0.986840 -0.147680 10.182400 -0.015059 0.147001 0.989022 0.000000 0.000000 0.000000 0.000000 1.000000
0.995520 0.093575 0.013571 0.000000 -0.090093 0.982298 -0.164240 10.182400 -0.028700 0.162281 0.986327 0.000000 0.000000 0.000000 0.000000 1.000000
0.992290 0.122939 0.015707 0.000000 -0.118696 0.979122 -0.165020 10.182400 -0.035666 0.161883 0.986165 0.000000 0.000000 0.000000 0.000000 1.000000
0.991078 0.132266 0.016403 -0.000000 -0.128248 0.979910 -0.152736 10.182400 -0.036276 0.149270 0.988131 0.000000 0.000000 0.000000 0.000000 1.000000
0.990411 0.135506 0.026901 0.000000 -0.130818 0.982489 -0.132674 10.182400 -0.044408 0.127883 0.990795 0.000000 0.000000 0.000000 0.000000 1.000000
0.990258 0.136348 0.028267 -0.000000 -0.132450 0.984956 -0.110990 10.182400 -0.042975 0.106164 0.993419 0.000000 0.000000 0.000000 0.000000 1.000000
0.990520 0.135283 0.023847 0.000000 -0.132647 0.987074 -0.089939 10.182400 -0.035706 0.085923 0.995662 0.000000 0.000000 0.000000 0.000000 1.000000
0.990286 0.137687 0.019403 0.000000 -0.135970 0.988091 -0.072036 10.182400 -0.029090 0.068698 0.997213 0.000000 0.000000 0.000000 0.000000 1.000000
0.990090 0.139154 0.018941 0.000000 -0.137924 0.988888 -0.055479 10.182400 -0.026451 0.052317 0.998280 0.000000 0.000000 0.000000 0.000000 1.000000
0.988650 0.147961 0.026047 0.000000 -0.146825 0.988305 -0.041175 10.182400 -0.031834 0.036883 0.998812 0.000000 0.000000 0.000000 0.000000 1.000000
0.987256 0.152832 0.044365 0.000000 -0.151441 0.987908 -0.033213 10.182400 -0.048905 0.026071 0.998463 -0.000000 0.000000 0.000000 0.000000 1.000000</float_array>
        <technique_common>
          <accessor source="#mixamorig_Spine-Matrix-animation-output-transform-array" count="64" stride="16">
            <param type="float4x4"/>
          </accessor>
        </technique_common>
      </source>
      <source id="mixamorig_Spine-Interpolations">
        <Name_array id="mixamorig_Spine-Interpolations-array" count="64">
 LINEAR LINEAR LINEAR LINEAR LINEAR LINEAR LINEAR LINEAR LINEAR LINEAR LINEAR
LINEAR LINEAR LINEAR LINEAR LINEAR LINEAR LINEAR LINEAR LINEAR LINEAR LINEAR LINEAR
LINEAR LINEAR LINEAR LINEAR LINEAR LINEAR LINEAR LINEAR LINEAR LINEAR LINEAR LINEAR
LINEAR LINEAR LINEAR LINEAR LINEAR LINEAR LINEAR LINEAR LINEAR LINEAR LINEAR LINEAR
LINEAR LINEAR LINEAR LINEAR LINEAR LINEAR LINEAR LINEAR LINEAR LINEAR LINEAR LINEAR
LINEAR LINEAR LINEAR LINEAR LINEAR</Name_array>
        <technique_common>
          <accessor source="#mixamorig_Spine-Interpolations-array" count="64">
            <param type="name"/>
          </accessor>
        </technique_common>
      </source>
      <sampler id="mixamorig_Spine-Matrix-animation-transform">
        <input semantic="INPUT" source="#mixamorig_Spine-Matrix-animation-input"/>
        <input semantic="OUTPUT" source="#mixamorig_Spine-Matrix-animation-output-transform"/>
        <input semantic="INTERPOLATION" source="#mixamorig_Spine-Interpolations"/>
      </sampler>
      <channel source="#mixamorig_Spine-Matrix-animation-transform" target="mixamorig_Spine/matrix"/>
    </animation>
    <animation id="mixamorig_Spine1-anim" name="mixamorig_Spine1">
      <source id="mixamorig_Spine1-Matrix-animation-input">
        <float_array id="mixamorig_Spine1-Matrix-animation-input-array" count="64">

0.000000 0.033333 0.066667 0.100000 0.133333 0.166667 0.200000 0.233333 0.266667 0.300000 0.333333 0.366667 0.400000 0.433333 0.466667 0.500000
0.533333 0.566667 0.600000 0.633333 0.666667 0.700000 0.733333 0.766667 0.800000 0.833333 0.866667 0.900000 0.933333 0.966667 1.000000 1.033333
1.066667 1.100000 1.133333 1.166667 1.200000 1.233333 1.266667 1.300000 1.333333 1.366667 1.400000 1.433333 1.466667 1.500000 1.533333 1.566667
1.600000 1.633333 1.666667 1.700000 1.733333 1.766667 1.800000 1.833333 1.866667 1.900000 1.933333 1.966667 2.000000 2.033333 2.066667 2.100000</float_array>
        <technique_common>
          <accessor source="#mixamorig_Spine1-Matrix-animation-input-array" count="64">
            <param name="TIME" type="float"/>
          </accessor>
        </technique_common>
      </source>
      <source id="mixamorig_Spine1-Matrix-animation-output-transform">
        <float_array id="mixamorig_Spine1-Matrix-animation-output-transform-array" count="1024">

0.999563 0.026145 0.013777 0.000000 -0.025461 0.998538 -0.047677 10.002700 -0.015003 0.047306 0.998768 0.000000 0.000000 0.000000 0.000000 1.000000
0.999567 0.025519 0.014668 -0.000000 -0.024848 0.998712 -0.044243 10.002700 -0.015778 0.043860 0.998913 -0.000000 0.000000 0.000000 0.000000 1.000000
0.999675 0.022308 0.012316 0.000000 -0.021854 0.999119 -0.035825 10.002700 -0.013104 0.035544 0.999282 -0.000000 0.000000 0.000000 0.000000 1.000000
0.999769 0.020440 0.006628 0.000000 -0.020257 0.999443 -0.026518 10.002700 -0.007166 0.026378 0.999626 0.000000 0.000000 0.000000 0.000000 1.000000
0.999808 0.019535 -0.001263 0.000000 -0.019556 0.999612 -0.019817 10.002700 0.000875 0.019838 0.999803 -0.000000 0.000000 0.000000 0.000000 1.000000
0.999789 0.019243 -0.007130 -0.000000 -0.019369 0.999648 -0.018141 10.002700 0.006779 0.018276 0.999810 0.000000 0.000000 0.000000 0.000000 1.000000
0.999799 0.018326 -0.008170 0.000000 -0.018487 0.999627 -0.020126 10.002700 0.007799 0.020273 0.999764 0.000000 0.000000 0.000000 0.000000 1.000000
0.999839 0.017311 -0.004730 0.000000 -0.017421 0.999551 -0.024390 10.002700 0.004306 0.024469 0.999691 0.000000 0.000000 0.000000 0.000000 1.000000
0.999849 0.017145 -0.002813 0.000000 -0.017211 0.999527 -0.025479 10.002700 0.002375 0.025524 0.999671 -0.000000 0.000000 0.000000 0.000000 1.000000
0.999873 0.015729 -0.002678 0.000000 -0.015785 0.999623 -0.022444 10.002700 0.002324 0.022483 0.999745 0.000000 0.000000 0.000000 0.000000 1.000000
0.999896 0.013737 -0.004501 0.000000 -0.013815 0.999749 -0.017665 10.002700 0.004258 0.017725 0.999834 -0.000000 0.000000 0.000000 0.000000 1.000000
0.999906 0.012184 -0.006244 0.000000 -0.012265 0.999838 -0.013167 10.002700 0.006083 0.013242 0.999894 0.000000 0.000000 0.000000 0.000000 1.000000
0.999911 0.011565 -0.006588 -0.000000 -0.011626 0.999889 -0.009314 10.002700 0.006479 0.009390 0.999935 0.000000 0.000000 0.000000 0.000000 1.000000
0.999915 0.011755 -0.005648 0.000000 -0.011792 0.999909 -0.006556 10.002700 0.005570 0.006622 0.999963 -0.000000 0.000000 0.000000 0.000000 1.000000
0.999901 0.013276 -0.004569 0.000000 -0.013303 0.999894 -0.005900 10.002700 0.004490 0.005960 0.999972 0.000000 0.000000 0.000000 0.000000 1.000000
0.999884 0.015187 0.000777 0.000000 -0.015180 0.999844 -0.009021 10.002700 -0.000914 0.009008 0.999959 0.000000 0.000000 0.000000 0.000000 1.000000
0.999881 0.015291 0.002122 0.000000 -0.015268 0.999825 -0.010788 10.002700 -0.002287 0.010754 0.999940 0.000000 0.000000 0.000000 0.000000 1.000000
0.999920 0.012010 -0.004066 0.000000 -0.012044 0.999891 -0.008527 10.002700 0.003964 0.008575 0.999955 0.000000 0.000000 0.000000 0.000000 1.000000
0.999924 0.008683 -0.008759 0.000000 -0.008736 0.999944 -0.006052 10.002700 0.008706 0.006128 0.999943 -0.000000 0.000000 0.000000 0.000000 1.000000
0.999912 0.006911 -0.011315 0.000000 -0.006984 0.999955 -0.006403 10.002700 0.011271 0.006481 0.999915 0.000000 0.000000 0.000000 0.000000 1.000000
0.999952 0.004881 -0.008523 0.000000 -0.004968 0.999935 -0.010245 10.002700 0.008472 0.010287 0.999911 -0.000000 0.000000 0.000000 0.000000 1.000000
0.999992 0.001100 -0.003939 0.000000 -0.001168 0.999849 -0.017346 10.002700 0.003920 0.017351 0.999842 0.000000 0.000000 0.000000 0.000000 1.000000
0.999995 -0.002799 -0.001292 0.000000 0.002765 0.999666 -0.025682 10.002700 0.001364 0.025678 0.999669 0.000000 0.000000 0.000000 0.000000 1.000000
0.999969 -0.007039 -0.003428 0.000000 0.006915 0.999367 -0.034886 10.002700 0.003671 0.034861 0.999385 0.000000 0.000000 0.000000 0.000000 1.000000
0.999907 -0.010807 -0.008290 0.000000 0.010452 0.999073 -0.041752 10.002700 0.008733 0.041662 0.999094 -0.000000 0.000000 0.000000 0.000000 1.000000
0.999863 -0.012625 -0.010697 -0.000000 0.012182 0.999106 -0.040489 10.002700 0.011199 0.040353 0.999123 0.000000 0.000000 0.000000 0.000000 1.000000
0.999834 -0.013653 -0.012094 0.000000 0.013197 0.999228 -0.036991 10.002700 0.012590 0.036825 0.999242 0.000000 0.000000 0.000000 0.000000 1.000000
0.999803 -0.015033 -0.012959 0.000000 0.014602 0.999356 -0.032772 10.002700 0.013444 0.032576 0.999379 0.000000 0.000000 0.000000 0.000000 1.000000
0.999783 -0.015953 -0.013413 0.000000 0.015578 0.999498 -0.027599 10.002700 0.013847 0.027385 0.999529 -0.000000 0.000000 0.000000 0.000000 1.000000
0.999777 -0.018034 -0.010985 -0.000000 0.017781 0.999584 -0.022706 10.002700 0.011390 0.022506 0.999682 0.000000 0.000000 0.000000 0.000000 1.000000
0.999746 -0.020775 -0.008722 0.000000 0.020591 0.999574 -0.020691 10.002700 0.009148 0.020506 0.999748 0.000000 0.000000 0.000000 0.000000 1.000000
0.999676 -0.023681 -0.009331 0.000000 0.023461 0.999460 -0.023016 10.002700 0.009871 0.022790 0.999692 0.000000 0.000000 0.000000 0.000000 1.000000
0.999669 -0.024034 -0.009142 -0.000000 0.023795 0.999393 -0.025426 10.002700 0.009748 0.025200 0.999635 0.000000 0.000000 0.000000 0.000000 1.000000
0.999727 -0.022373 -0.006801 -0.000000 0.022216 0.999504 -0.022332 10.002700 0.007297 0.022175 0.999727 0.000000 0.000000 0.000000 0.000000 1.000000
0.999767 -0.021215 -0.003926 0.000000 0.021133 0.999579 -0.019860 10.002700 0.004346 0.019772 0.999795 0.000000 0.000000 0.000000 0.000000 1.000000
0.999785 -0.020673 -0.001435 0.000000 0.020639 0.999578 -0.020446 10.002700 0.001857 0.020412 0.999790 -0.000000 0.000000 0.000000 0.000000 1.000000
0.999774 -0.021167 -0.001757 0.000000 0.021116 0.999459 -0.025218 10.002700 0.002290 0.025175 0.999680 0.000000 0.000000 0.000000 0.000000 1.000000
0.999757 -0.021536 -0.004708 0.000000 0.021368 0.999222 -0.033140 10.002700 0.005418 0.033031 0.999440 0.000000 0.000000 0.000000 0.000000 1.000000
0.999754 -0.020396 -0.008680 0.000000 0.020022 0.998950 -0.041214 10.002700 0.009511 0.041030 0.999113 -0.000000 0.000000 0.000000 0.000000 1.000000
0.999735 -0.018916 -0.013155 0.000000 0.018296 0.998783 -0.045791 10.002700 0.014005 0.045538 0.998864 0.000000 0.000000 0.000000 0.000000 1.000000
0.999787 -0.015238 -0.013940 0.000000 0.014647 0.999028 -0.041577 10.002700 0.014560 0.041364 0.999038 0.000000 0.000000 0.000000 0.000000 1.000000
0.999872 -0.012546 -0.009939 0.000000 0.012199 0.999340 -0.034224 10.002700 0.010361 0.034098 0.999365 0.000000 0.000000 0.000000 0.000000 1.000000
0.999907 -0.011597 -0.007216 -0.000000 0.011397 0.999565 -0.027196 10.002700 0.007529 0.027111 0.999604 0.000000 0.000000 0.000000 0.000000 1.000000
0.999913 -0.011876 -0.005776 0.000000 0.011756 0.999721 -0.020497 10.002700 0.006018 0.020428 0.999773 0.000000 0.000000 0.000000 0.000000 1.000000
0.999915 -0.012129 -0.004812 -0.000000 0.012048 0.999789 -0.016663 10.002700 0.005013 0.016604 0.999850 0.000000 0.000000 0.000000 0.000000 1.000000
0.999907 -0.012326 -0.005900 0.000000 0.012233 0.999806 -0.015429 10.002700 0.006089 0.015355 0.999864 0.000000 0.000000 0.000000 0.000000 1.000000
0.999905 -0.012169 -0.006456 0.000000 0.012053 0.999770 -0.017737 10.002700 0.006670 0.017657 0.999822 0.000000 0.000000 0.000000 0.000000 1.000000
0.999919 -0.011651 -0.005145 0.000000 0.011543 0.999723 -0.020508 10.002700 0.005382 0.020446 0.999776 0.000000 0.000000 0.000000 0.000000 1.000000
0.999961 -0.008798 -0.000146 -0.000000 0.008793 0.999743 -0.020909 10.002700 0.000329 0.020906 0.999781 0.000000 0.000000 0.000000 0.000000 1.000000
0.999969 -0.004285 0.006609 -0.000000 0.004428 0.999751 -0.021877 10.002700 -0.006514 0.021906 0.999739 0.000000 0.000000 0.000000 0.000000 1.000000
0.999919 0.000317 0.012705 0.000000 -0.000018 0.999723 -0.023548 10.002700 -0.012709 0.023546 0.999642 0.000000 0.000000 0.000000 0.000000 1.000000
0.999911 0.004124 0.012683 -0.000000 -0.003760 0.999585 -0.028560 10.002700 -0.012795 0.028510 0.999512 -0.000000 0.000000 0.000000 0.000000 1.000000
0.999961 0.006223 0.006205 -0.000000 -0.005978 0.999235 -0.038659 10.002700 -0.006441 0.038620 0.999233 0.000000 0.000000 0.000000 0.000000 1.000000
0.999968 0.007239 0.003256 0.000000 -0.007068 0.998741 -0.049667 10.002700 -0.003611 0.049642 0.998761 0.000000 0.000000 0.000000 0.000000 1.000000
0.999929 0.010274 0.005970 -0.000000 -0.009904 0.998213 -0.058922 10.002700 -0.006565 0.058859 0.998245 0.000000 0.000000 0.000000 0.000000 1.000000
0.999873 0.014294 0.006979 0.000000 -0.013829 0.997944 -0.062578 10.002700 -0.007859 0.062473 0.998016 0.000000 0.000000 0.000000 0.000000 1.000000
0.999834 0.016620 0.007492 0.000000 -0.016140 0.998059 -0.060141 10.002700 -0.008477 0.060010 0.998162 -0.000000 0.000000 0.000000 0.000000 1.000000
0.999781 0.018106 0.010509 0.000000 -0.017486 0.998258 -0.056352 10.002700 -0.011511 0.056156 0.998356 0.000000 0.000000 0.000000 0.000000 1.000000
0.999763 0.018910 0.010767 0.000000 -0.018323 0.998468 -0.052201 10.002700 -0.011738 0.051992 0.998579 0.000000 0.000000 0.000000 0.000000 1.000000
0.999773 0.019212 0.009192 0.000000 -0.018742 0.998634 -0.048780 10.002700 -0.010116 0.048597 0.998767 0.000000 0.000000 0.000000 0.000000 1.000000
0.999769 0.020074 0.007651 0.000000 -0.019699 0.998731 -0.046348 10.002700 -0.008572 0.046187 0.998896 0.000000 0.000000 0.000000 0.000000 1.000000
0.999747 0.021275 0.007247 0.000000 -0.020929 0.998773 -0.044887 10.002700 -0.008193 0.044724 0.998966 0.000000 0.000000 0.000000 0.000000 1.000000
0.999671 0.024009 0.009029 0.000000 -0.023580 0.998711 -0.044937 10.002700 -0.010096 0.044710 0.998949 0.000000 0.000000 0.000000 0.000000 1.000000
0.999563 0.026145 0.013777 0.000000 -0.025461 0.998538 -0.047677 10.002700 -0.015003 0.047306 0.998768 -0.000000 0.000000 0.000000 0.000000 1.000000</float_array>
        <technique_common>
          <accessor source="#mixamorig_Spine1-Matrix-animation-output-transform-array" count="64" stride="16">
            <param type="float4x4"/>
          </accessor>
        </technique_common>
      </source>
      <source id="mixamorig_Spine1-Interpolations">
        <Name_array id="mixamorig_Spine1-Interpolations-array" count="64">
 LINEAR LINEAR LINEAR LINEAR LINEAR LINEAR LINEAR LINEAR LINEAR LINEAR LINEAR
LINEAR LINEAR LINEAR LINEAR LINEAR LINEAR LINEAR LINEAR LINEAR LINEAR LINEAR LINEAR
LINEAR LINEAR LINEAR LINEAR LINEAR LINEAR LINEAR LINEAR LINEAR LINEAR LINEAR LINEAR
LINEAR LINEAR LINEAR LINEAR LINEAR LINEAR LINEAR LINEAR LINEAR LINEAR LINEAR LINEAR
LINEAR LINEAR LINEAR LINEAR LINEAR LINEAR LINEAR LINEAR LINEAR LINEAR LINEAR LINEAR
LINEAR LINEAR LINEAR LINEAR LINEAR</Name_array>
        <technique_common>
          <accessor source="#mixamorig_Spine1-Interpolations-array" count="64">
            <param type="name"/>
          </accessor>
        </technique_common>
      </source>
      <sampler id="mixamorig_Spine1-Matrix-animation-transform">
        <input semantic="INPUT" source="#mixamorig_Spine1-Matrix-animation-input"/>
        <input semantic="OUTPUT" source="#mixamorig_Spine1-Matrix-animation-output-transform"/>
        <input semantic="INTERPOLATION" source="#mixamorig_Spine1-Interpolations"/>
      </sampler>
      <channel source="#mixamorig_Spine1-Matrix-animation-transform" target="mixamorig_Spine1/matrix"/>
    </animation>
    <animation id="mixamorig_Spine2-anim" name="mixamorig_Spine2">
      <source id="mixamorig_Spine2-Matrix-animation-input">
        <float_array id="mixamorig_Spine2-Matrix-animation-input-array" count="64">

0.000000 0.033333 0.066667 0.100000 0.133333 0.166667 0.200000 0.233333 0.266667 0.300000 0.333333 0.366667 0.400000 0.433333 0.466667 0.500000
0.533333 0.566667 0.600000 0.633333 0.666667 0.700000 0.733333 0.766667 0.800000 0.833333 0.866667 0.900000 0.933333 0.966667 1.000000 1.033333
1.066667 1.100000 1.133333 1.166667 1.200000 1.233333 1.266667 1.300000 1.333333 1.366667 1.400000 1.433333 1.466667 1.500000 1.533333 1.566667
1.600000 1.633333 1.666667 1.700000 1.733333 1.766667 1.800000 1.833333 1.866667 1.900000 1.933333 1.966667 2.000000 2.033333 2.066667 2.100000</float_array>
        <technique_common>
          <accessor source="#mixamorig_Spine2-Matrix-animation-input-array" count="64">
            <param name="TIME" type="float"/>
          </accessor>
        </technique_common>
      </source>
      <source id="mixamorig_Spine2-Matrix-animation-output-transform">
        <float_array id="mixamorig_Spine2-Matrix-animation-output-transform-array" count="1024">

0.999549 0.026925 0.013289 -0.000000 -0.025884 0.996984 -0.073158 9.322100 -0.015219 0.072781 0.997232 0.000000 0.000000 0.000000 0.000000 1.000000
0.999553 0.026282 0.014242 -0.000000 -0.025228 0.997247 -0.069725 9.322100 -0.016035 0.069335 0.997465 0.000000 0.000000 0.000000 0.000000 1.000000
0.999665 0.022923 0.012007 -0.000000 -0.022145 0.997869 -0.061370 9.322100 -0.013389 0.061084 0.998043 -0.000000 0.000000 0.000000 0.000000 1.000000
0.999763 0.020806 0.006457 -0.000000 -0.020441 0.998430 -0.052159 9.322100 -0.007532 0.052014 0.998618 -0.000000 0.000000 0.000000 0.000000 1.000000
0.999807 0.019602 -0.001330 0.000000 -0.019642 0.998768 -0.045567 9.322100 0.000435 0.045584 0.998960 0.000000 0.000000 0.000000 0.000000 1.000000
0.999793 0.019065 -0.007151 0.000000 -0.019362 0.998845 -0.043972 9.322100 0.006305 0.044101 0.999007 0.000000 0.000000 0.000000 0.000000 1.000000
0.999803 0.018057 -0.008204 -0.000000 -0.018416 0.998773 -0.045971 9.322100 0.007363 0.046113 0.998909 -0.000000 0.000000 0.000000 0.000000 1.000000
0.999841 0.017142 -0.004834 0.000000 -0.017363 0.998589 -0.050189 9.322100 0.003967 0.050265 0.998728 -0.000000 0.000000 0.000000 0.000000 1.000000
0.999850 0.017046 -0.002957 -0.000000 -0.017175 0.998538 -0.051256 9.322100 0.002079 0.051299 0.998681 0.000000 0.000000 0.000000 0.000000 1.000000
0.999874 0.015639 -0.002804 0.000000 -0.015756 0.998712 -0.048220 9.322100 0.002047 0.048258 0.998833 -0.000000 0.000000 0.000000 0.000000 1.000000
