<?xml version="1.0" encoding="utf-8"?>
<COLLADA xmlns="http://www.collada.org/2005/11/COLLADASchema" version="1.4.1">
  <asset>
    <contributor>
      <author>Mixamo</author>
      <authoring_tool>COLLADA Mixamo exporter</authoring_tool>
      <comments/>
    </contributor>
    <created>2024-04-04T03:16:26Z</created>
    <modified>2024-04-04T03:16:26Z</modified>
    <revision/>
    <title/>
    <unit meter="0.010000"/>
    <up_axis>Y_UP</up_axis>
  </asset>
  <library_animations>
    <animation id="mixamorig_Hips-anim" name="mixamorig_Hips">
      <source id="mixamorig_Hips-Matrix-animation-input">
        <float_array id="mixamorig_Hips-Matrix-animation-input-array" count="64">

0.000000 0.033333 0.066667 0.100000 0.133333 0.166667 0.200000 0.233333 0.266667 0.300000 0.333333 0.366667 0.400000 0.433333 0.466667 0.500000
0.533333 0.566667 0.600000 0.633333 0.666667 0.700000 0.733333 0.766667 0.800000 0.833333 0.866667 0.900000 0.933333 0.966667 1.000000 1.033333
1.066667 1.100000 1.133333 1.166667 1.200000 1.233333 1.266667 1.300000 1.333333 1.366667 1.400000 1.433333 1.466667 1.500000 1.533333 1.566667
1.600000 1.633333 1.666667 1.700000 1.733333 1.766667 1.800000 1.833333 1.866667 1.900000 1.933333 1.966667 2.000000 2.033333 2.066667 2.100000</float_array>
        <technique_common>
          <accessor source="#mixamorig_Hips-Matrix-animation-input-array" count="64">
            <param name="TIME" type="float"/>
          </accessor>
        </technique_common>
      </source>
      <source id="mixamorig_Hips-Matrix-animation-output-transform">
        <float_array id="mixamorig_Hips-Matrix-animation-output-transform-array" count="1024">

0.977713 0.178649 0.110282 0.601602 -0.209325 0.869895 0.446615 82.118744 -0.016146 -0.459746 0.887904 -0.187416 0.000000 0.000000 0.000000 1.000000
0.982918 0.142869 0.116020 0.491187 -0.178319 0.895294 0.408230 84.702621 -0.045549 -0.421945 0.905476 -1.104164 0.000000 0.000000 0.000000 1.000000
0.985968 0.111110 0.124582 0.370628 -0.149961 0.917404 0.368622 87.228859 -0.073335 -0.382132 0.921193 -1.787503 0.000000 0.000000 0.000000 1.000000
0.988191 0.078239 0.131747 0.174344 -0.118048 0.936906 0.329046 89.266808 -0.097690 -0.340713 0.935078 -2.526478 0.000000 0.000000 0.000000 1.000000
0.989723 0.042250 0.136613 -0.157614 -0.080773 0.953526 0.290283 90.503937 -0.117999 -0.298335 0.947139 -3.405332 0.000000 0.000000 0.000000 1.000000
0.990148 0.013120 0.139412 -0.506391 -0.048441 0.966224 0.253111 91.393547 -0.131382 -0.257371 0.957340 -4.505040 0.000000 0.000000 0.000000 1.000000
0.990815 -0.002010 0.135208 -0.947827 -0.027678 0.975706 0.217328 91.331024 -0.132360 -0.219074 0.966689 -6.624535 0.000000 0.000000 0.000000 1.000000
0.988848 -0.007168 0.148759 -1.005635 -0.017498 0.986332 0.163839 91.048462 -0.147900 -0.164614 0.975207 -9.428001 0.000000 0.000000 0.000000 1.000000
0.986820 -0.016645 0.160961 -0.861667 -0.002093 0.993300 0.115548 91.558060 -0.161806 -0.114362 0.980174 -12.500505 0.000000 0.000000 0.000000 1.000000
0.986357 -0.028583 0.162122 -0.530833 0.017146 0.997292 0.071514 92.626297 -0.163727 -0.067759 0.984176 -15.494884 0.000000 0.000000 0.000000 1.000000
0.987623 -0.049729 0.148756 0.284021 0.046770 0.998633 0.023329 93.774117 -0.149712 -0.016083 0.988599 -18.622120 0.000000 0.000000 0.000000 1.000000
0.987578 -0.073083 0.139096 1.247627 0.077912 0.996521 -0.029591 94.313255 -0.136450 0.040061 0.989837 -21.874271 0.000000 0.000000 0.000000 1.000000
0.984927 -0.085602 0.150305 2.059895 0.099086 0.991474 -0.084628 93.974770 -0.141779 0.098245 0.985011 -25.443142 0.000000 0.000000 0.000000 1.000000
0.973861 -0.080304 0.212477 2.650647 0.107288 0.987121 -0.118663 92.409004 -0.200211 0.138357 0.969934 -29.566362 0.000000 0.000000 0.000000 1.000000
0.962085 -0.061275 0.265779 2.929146 0.089388 0.991456 -0.094996 90.382591 -0.257687 0.115152 0.959342 -34.629887 0.000000 0.000000 0.000000 1.000000
0.966654 -0.044471 0.252195 2.930935 0.064644 0.995288 -0.072272 89.667984 -0.247793 0.086165 0.964974 -40.107079 0.000000 0.000000 0.000000 1.000000
0.975219 -0.036377 0.218232 2.767834 0.051935 0.996468 -0.065984 90.998085 -0.215061 0.075682 0.973664 -46.040836 0.000000 0.000000 0.000000 1.000000
0.978523 -0.021929 0.204970 2.787620 0.038473 0.996282 -0.077083 93.450974 -0.202518 0.083313 0.975728 -52.725964 0.000000 0.000000 0.000000 1.000000
0.976038 0.025490 0.216103 3.356191 -0.000724 0.993490 -0.113918 94.840996 -0.217600 0.111032 0.969702 -60.094975 0.000000 0.000000 0.000000 1.000000
0.968040 0.079149 0.237978 3.861815 -0.042276 0.986815 -0.156235 95.100494 -0.247206 0.141181 0.958623 -67.586426 0.000000 0.000000 0.000000 1.000000
0.954947 0.100643 0.279191 3.852900 -0.049791 0.981741 -0.183591 94.451416 -0.292570 0.161419 0.942521 -75.250740 0.000000 0.000000 0.000000 1.000000
0.953092 0.065567 0.295493 3.586972 -0.005287 0.979713 -0.200337 93.215088 -0.302634 0.189377 0.934103 -82.269264 0.000000 0.000000 0.000000 1.000000
0.969955 0.026241 0.241864 3.539976 0.027035 0.976382 -0.214353 91.587059 -0.241776 0.214452 0.946337 -88.261490 0.000000 0.000000 0.000000 1.000000
0.985694 0.008197 0.168343 3.564925 0.030061 0.974251 -0.223455 90.399559 -0.165840 0.225319 0.960067 -93.445702 0.000000 0.000000 0.000000 1.000000
0.992821 -0.010398 0.119155 3.338031 0.037734 0.972567 -0.229542 90.178574 -0.113500 0.232390 0.965977 -98.014526 0.000000 0.000000 0.000000 1.000000
0.992370 -0.021837 0.121348 3.044637 0.049561 0.971829 -0.230419 90.033546 -0.112898 0.234675 0.965496 -101.666985 0.000000 0.000000 0.000000 1.000000
0.987212 -0.022400 0.157829 2.790848 0.059526 0.970262 -0.234625 89.491737 -0.147880 0.241020 0.959188 -104.347916 0.000000 0.000000 0.000000 1.000000
0.980243 -0.020013 0.196784 2.332015 0.070952 0.964236 -0.255371 88.047615 -0.184635 0.264288 0.946605 -106.830528 0.000000 0.000000 0.000000 1.000000
0.973563 -0.038997 0.225065 2.022322 0.102067 0.955749 -0.275910 85.876259 -0.204346 0.291587 0.934462 -109.722168 0.000000 0.000000 0.000000 1.000000
0.977224 -0.063209 0.202578 2.229607 0.122419 0.947671 -0.294843 83.590012 -0.173341 0.312927 0.933825 -113.009712 0.000000 0.000000 0.000000 1.000000
0.983311 -0.083855 0.161457 2.747315 0.130807 0.942655 -0.307067 81.414818 -0.126450 0.323062 0.937892 -116.332558 0.000000 0.000000 0.000000 1.000000
0.987386 -0.078488 0.137506 3.235481 0.118115 0.943505 -0.309593 80.837852 -0.105438 0.321929 0.940874 -117.913704 0.000000 0.000000 0.000000 1.000000
0.990670 -0.063251 0.120715 3.334876 0.098955 0.942898 -0.318044 82.055153 -0.093705 0.327022 0.940359 -117.683083 0.000000 0.000000 0.000000 1.000000
0.991770 -0.052138 0.116932 3.553456 0.087029 0.944407 -0.317051 84.977226 -0.093901 0.324618 0.941173 -116.422256 0.000000 0.000000 0.000000 1.000000
0.990369 -0.043456 0.131453 4.023033 0.081916 0.949363 -0.303316 87.499908 -0.111616 0.311163 0.943779 -114.949356 0.000000 0.000000 0.000000 1.000000
0.987565 -0.024827 0.155239 4.571991 0.068297 0.957157 -0.281398 88.964928 -0.141602 0.288502 0.946951 -112.947113 0.000000 0.000000 0.000000 1.000000
0.983616 0.002321 0.180260 5.151289 0.045175 0.964840 -0.258928 90.140869 -0.174523 0.262829 0.948927 -110.455536 0.000000 0.000000 0.000000 1.000000
0.978503 0.021821 0.205076 5.599541 0.027842 0.971305 -0.236200 90.903992 -0.204345 0.236832 0.949818 -108.121132 0.000000 0.000000 0.000000 1.000000
0.972485 0.040979 0.229335 5.969251 0.008851 0.977198 -0.212145 91.749901 -0.232799 0.208338 0.949947 -105.622002 0.000000 0.000000 0.000000 1.000000
0.965870 0.057716 0.252514 6.245336 -0.010180 0.982564 -0.185644 92.812347 -0.258826 0.176738 0.949617 -103.046890 0.000000 0.000000 0.000000 1.000000
0.959574 0.069820 0.272659 6.369206 -0.028490 0.987862 -0.152699 94.468315 -0.280011 0.138758 0.949916 -100.367340 0.000000 0.000000 0.000000 1.000000
0.963705 0.079400 0.254888 6.844101 -0.047751 0.990618 -0.128047 96.710930 -0.262663 0.111229 0.958455 -97.413422 0.000000 0.000000 0.000000 1.000000
0.973363 0.081585 0.214261 7.486251 -0.057671 0.991621 -0.115593 98.522469 -0.221896 0.100157 0.969913 -94.261513 0.000000 0.000000 0.000000 1.000000
0.983807 0.066311 0.166511 8.175511 -0.047432 0.992243 -0.114905 99.180344 -0.172839 0.105147 0.979322 -90.834709 0.000000 0.000000 0.000000 1.000000
0.987464 0.034001 0.154140 8.600166 -0.016632 0.993501 -0.112597 99.023010 -0.156967 0.108622 0.981612 -87.085411 0.000000 0.000000 0.000000 1.000000
0.986794 0.001650 0.161969 8.590994 0.016955 0.993402 -0.113423 97.864227 -0.161088 0.114671 0.980256 -83.485016 0.000000 0.000000 0.000000 1.000000
0.985182 -0.020142 0.170327 8.432961 0.039560 0.992988 -0.111396 95.875824 -0.166889 0.116484 0.979071 -79.741798 0.000000 0.000000 0.000000 1.000000
0.979897 -0.025682 0.197845 8.499569 0.046781 0.993609 -0.102724 94.208443 -0.193942 0.109915 0.974836 -75.625809 0.000000 0.000000 0.000000 1.000000
0.974121 -0.025717 0.224559 8.434088 0.049863 0.993480 -0.102526 93.513680 -0.220458 0.111070 0.969052 -71.672516 0.000000 0.000000 0.000000 1.000000
0.984414 -0.006260 0.175756 7.780360 0.026108 0.993495 -0.110844 93.503685 -0.173919 0.113705 0.978173 -68.187454 0.000000 0.000000 0.000000 1.000000
0.993720 0.011973 0.111252 7.148156 -0.000613 0.994826 -0.101587 93.409790 -0.111893 0.100881 0.988586 -64.976303 0.000000 0.000000 0.000000 1.000000
0.998438 0.007652 0.055353 6.777157 -0.004370 0.998238 -0.059177 92.960426 -0.055708 0.058843 0.996712 -61.242710 0.000000 0.000000 0.000000 1.000000
0.999939 -0.010736 -0.002496 6.939927 0.010740 0.999941 0.001704 91.438225 0.002478 -0.001731 0.999995 -57.046616 0.000000 0.000000 0.000000 1.000000
0.995616 -0.024305 -0.090323 7.283555 0.027447 0.999055 0.033713 89.818245 0.089418 -0.036044 0.995342 -52.232014 0.000000 0.000000 0.000000 1.000000
0.980749 -0.024969 -0.193670 7.671974 0.033607 0.998576 0.041443 88.451233 0.192359 -0.047154 0.980191 -46.705990 0.000000 0.000000 0.000000 1.000000
0.975136 -0.013639 -0.221186 7.383921 0.032759 0.996010 0.083006 88.252876 0.219171 -0.088188 0.971693 -40.991482 0.000000 0.000000 0.000000 1.000000
0.982738 0.006014 -0.184905 6.748938 0.019877 0.990253 0.137853 88.872246 0.183932 -0.139149 0.973040 -35.227600 0.000000 0.000000 0.000000 1.000000
0.991848 0.034522 -0.122657 5.818171 -0.012270 0.984003 0.177729 89.607056 0.126831 -0.174775 0.976405 -29.076149 0.000000 0.000000 0.000000 1.000000
0.996179 0.067647 -0.055244 4.536433 -0.054329 0.975217 0.214478 90.347275 0.068384 -0.210657 0.975165 -22.665480 0.000000 0.000000 0.000000 1.000000
0.995261 0.097172 -0.003644 3.676001 -0.092981 0.961972 0.256835 90.453957 0.028462 -0.255279 0.966448 -17.153055 0.000000 0.000000 0.000000 1.000000
0.991910 0.120722 0.039260 2.957518 -0.126944 0.944513 0.302953 89.083359 -0.000508 -0.305486 0.952197 -11.417372 0.000000 0.000000 0.000000 1.000000
0.986312 0.147150 0.074405 2.229250 -0.163998 0.922331 0.349873 86.991554 -0.017142 -0.357286 0.933838 -5.979568 0.000000 0.000000 0.000000 1.000000
0.980640 0.168799 0.099261 1.483904 -0.194600 0.896575 0.397850 84.649261 -0.021839 -0.409464 0.912065 -1.903448 0.000000 0.000000 0.000000 1.000000
0.977726 0.178585 0.110267 0.602707 -0.209262 0.869909 0.446618 82.121567 -0.016163 -0.459745 0.887904 -0.190551 0.000000 0.000000 0.000000 1.000000</float_array>
        <technique_common>
          <accessor source="#mixamorig_Hips-Matrix-animation-output-transform-array" count="64" stride="16">
            <param type="float4x4"/>
          </accessor>
        </technique_common>
      </source>
      <source id="mixamorig_Hips-Interpolations">
        <Name_array id="mixamorig_Hips-Interpolations-array" count="64">
 LINEAR LINEAR LINEAR LINEAR LINEAR LINEAR LINEAR LINEAR LINEAR LINEAR LINEAR
LINEAR LINEAR LINEAR LINEAR LINEAR LINEAR LINEAR LINEAR LINEAR LINEAR LINEAR LINEAR
LINEAR LINEAR LINEAR LINEAR LINEAR LINEAR LINEAR LINEAR LINEAR LINEAR LINEAR LINEAR
LINEAR LINEAR LINEAR LINEAR LINEAR LINEAR LINEAR LINEAR LINEAR LINEAR LINEAR LINEAR
LINEAR LINEAR LINEAR LINEAR LINEAR LINEAR LINEAR LINEAR LINEAR LINEAR LINEAR LINEAR
LINEAR LINEAR LINEAR LINEAR LINEAR</Name_array>
        <technique_common>
          <accessor source="#mixamorig_Hips-Interpolations-array" count="64">
            <param type="name"/>
          </accessor>
        </technique_common>
      </source>
      <sampler id="mixamorig_Hips-Matrix-animation-transform">
        <input semantic="INPUT" source="#mixamorig_Hips-Matrix-animation-input"/>
        <input semantic="OUTPUT" source="#mixamorig_Hips-Matrix-animation-output-transform"/>
        <input semantic="INTERPOLATION" source="#mixamorig_Hips-Interpolations"/>
      </sampler>
      <channel source="#mixamorig_Hips-Matrix-animation-transform" target="mixamorig_Hips/matrix"/>
    </animation>
    <animation id="mixamorig_Spine-anim" name="mixamorig_Spine">
      <source id="mixamorig_Spine-Matrix-animation-input">
        <float_array id="mixamorig_Spine-Matrix-animation-input-array" count="64">

0.000000 0.033333 0.066667 0.100000 0.133333 0.166667 0.200000 0.233333 0.266667 0.300000 0.333333 0.366667 0.400000 0.433333 0.466667 0.500000
0.533333 0.566667 0.600000 0.633333 0.666667 0.700000 0.733333 0.766667 0.800000 0.833333 0.866667 0.900000 0.933333 0.966667 1.000000 1.033333
1.066667 1.100000 1.133333 1.166667 1.200000 1.233333 1.266667 1.300000 1.333333 1.366667 1.400000 1.433333 1.466667 1.500000 1.533333 1.566667
1.600000 1.633333 1.666667 1.700000 1.733333 1.766667 1.800000 1.833333 1.866667 1.900000 1.933333 1.966667 2.000000 2.033333 2.066667 2.100000</float_array>
        <technique_common>
          <accessor source="#mixamorig_Spine-Matrix-animation-input-array" count="64">
            <param name="TIME" type="float"/>
          </accessor>
        </technique_common>
      </source>
      <source id="mixamorig_Spine-Matrix-animation-output-transform">
        <float_array id="mixamorig_Spine-Matrix-animation-output-transform-array" count="1024">

0.983065 0.026089 0.181391 0.000000 -0.011405 0.996606 -0.081528 10.182400 -0.182902 0.078079 0.980026 0.000000 0.000000 0.000000 0.000000 1.000000
0.988370 0.027152 0.149625 0.000000 -0.010928 0.994069 -0.108203 10.182400 -0.151676 0.105309 0.982804 0.000000 0.000000 0.000000 0.000000 1.000000
0.992640 0.024011 0.118695 -0.000000 -0.008190 0.991213 -0.132023 10.182400 -0.120822 0.130079 0.984115 0.000000 0.000000 0.000000 0.000000 1.000000
0.995746 0.022560 0.089333 -0.000000 -0.008242 0.987484 -0.157502 10.182400 -0.091768 0.156096 0.983470 0.000000 0.000000 0.000000 0.000000 1.000000
0.998006 0.024722 0.058080 0.000000 -0.013370 0.982028 -0.188260 10.182400 -0.061691 0.187108 0.980400 0.000000 0.000000 0.000000 0.000000 1.000000
0.999530 0.020021 0.023208 0.000000 -0.014228 0.973739 -0.227222 10.182400 -0.027147 0.226785 0.973566 -0.000000 0.000000 0.000000 0.000000 1.000000
0.999879 0.001955 -0.015458 0.000000 -0.006183 0.960417 -0.278497 10.182400 0.014301 0.278559 0.960313 0.000000 0.000000 0.000000 0.000000 1.000000
0.998641 -0.019039 -0.048519 0.000000 0.005373 0.963542 -0.267505 10.182400 0.051843 0.266880 0.962334 0.000000 0.000000 0.000000 0.000000 1.000000
0.994939 -0.032991 -0.094908 0.000000 0.011106 0.974882 -0.222443 10.182400 0.099863 0.220263 0.970315 0.000000 0.000000 0.000000 0.000000 1.000000
0.989293 -0.041991 -0.139768 0.000000 0.017704 0.985169 -0.170669 10.182400 0.144862 0.166367 0.975365 0.000000 0.000000 0.000000 0.000000 1.000000
0.984640 -0.037874 -0.170439 0.000000 0.020031 0.994248 -0.105216 10.182400 0.173443 0.100186 0.979735 0.000000 0.000000 0.000000 0.000000 1.000000
0.980485 -0.027867 -0.194610 0.000000 0.022120 0.999254 -0.031642 10.182400 0.195347 0.026719 0.980370 0.000000 0.000000 0.000000 0.000000 1.000000
0.974940 -0.023238 -0.221251 0.000000 0.033400 0.998546 0.042302 10.182400 0.219946 -0.048631 0.974299 0.000000 0.000000 0.000000 0.000000 1.000000
0.961903 -0.031692 -0.271547 0.000000 0.058024 0.994296 0.089496 10.182400 0.267161 -0.101842 0.958255 -0.000000 0.000000 0.000000 0.000000 1.000000
0.949743 -0.053515 -0.308422 0.000000 0.076786 0.995004 0.063807 10.182400 0.303466 -0.084282 0.949107 0.000000 0.000000 0.000000 0.000000 1.000000
0.956544 -0.059926 -0.285363 0.000000 0.072564 0.996787 0.033910 10.182400 0.282414 -0.053144 0.957819 0.000000 0.000000 0.000000 0.000000 1.000000
0.968115 -0.040994 -0.247128 0.000000 0.045309 0.998903 0.011797 10.182400 0.246373 -0.022618 0.968911 0.000000 0.000000 0.000000 0.000000 1.000000
0.974867 -0.025451 -0.221329 0.000000 0.022682 0.999630 -0.015046 10.182400 0.221630 0.009648 0.975083 0.000000 0.000000 0.000000 0.000000 1.000000
0.977917 -0.064380 -0.198828 -0.000000 0.056193 0.997334 -0.046553 10.182400 0.201295 0.034352 0.978928 0.000000 0.000000 0.000000 0.000000 1.000000
0.976376 -0.122544 -0.177969 0.000000 0.108568 0.990337 -0.086287 10.182400 0.186823 0.064927 0.980246 0.000000 0.000000 0.000000 0.000000 1.000000
0.973946 -0.145408 -0.174026 -0.000000 0.120325 0.981799 -0.146942 10.182400 0.192226 0.122174 0.973716 0.000000 0.000000 0.000000 0.000000 1.000000
0.981037 -0.111283 -0.158688 0.000000 0.079577 0.977817 -0.193756 10.182400 0.176729 0.177454 0.968131 0.000000 0.000000 0.000000 0.000000 1.000000
0.993243 -0.057018 -0.101079 -0.000000 0.034526 0.976726 -0.211695 10.182400 0.110797 0.206775 0.972095 0.000000 0.000000 0.000000 0.000000 1.000000
0.999795 -0.010531 -0.017287 -0.000000 0.006543 0.976297 -0.216337 10.182400 0.019155 0.216180 0.976166 -0.000000 0.000000 0.000000 0.000000 1.000000
0.997126 0.043725 0.061864 0.000000 -0.029422 0.976032 -0.215629 10.182400 -0.069810 0.213189 0.974514 -0.000000 0.000000 0.000000 0.000000 1.000000
0.991539 0.077506 0.104129 0.000000 -0.056434 0.979789 -0.191910 10.182400 -0.116899 0.184410 0.975873 -0.000000 0.000000 0.000000 0.000000 1.000000
0.988890 0.091317 0.117294 -0.000000 -0.074253 0.987019 -0.142407 10.182400 -0.128776 0.132115 0.982834 0.000000 0.000000 0.000000 0.000000 1.000000
0.985266 0.108755 0.131994 0.000000 -0.098113 0.991570 -0.084635 10.182400 -0.140086 0.070438 0.987631 -0.000000 0.000000 0.000000 0.000000 1.000000
0.976281 0.137219 0.167470 0.000000 -0.130626 0.990179 -0.049818 10.182400 -0.172661 0.026761 0.984618 -0.000000 0.000000 0.000000 0.000000 1.000000
0.964858 0.150199 0.215615 0.000000 -0.145427 0.988642 -0.037922 10.182400 -0.218861 0.005233 0.975742 0.000000 0.000000 0.000000 0.000000 1.000000
0.955238 0.151954 0.253830 0.000000 -0.147950 0.988379 -0.034908 10.182400 -0.256185 -0.004209 0.966619 0.000000 0.000000 0.000000 0.000000 1.000000
0.957079 0.144182 0.251420 0.000000 -0.143040 0.989452 -0.022913 10.182400 -0.252072 -0.014034 0.967607 0.000000 0.000000 0.000000 0.000000 1.000000
0.957669 0.148115 0.246845 0.000000 -0.151658 0.988422 -0.004708 10.182400 -0.244684 -0.032927 0.969044 0.000000 0.000000 0.000000 0.000000 1.000000
0.961031 0.155527 0.228542 -0.000000 -0.159651 0.987173 -0.000450 10.182400 -0.225681 -0.036054 0.973534 0.000000 0.000000 0.000000 0.000000 1.000000
0.969657 0.151904 0.191547 -0.000000 -0.151679 0.988302 -0.015928 10.182400 -0.191726 -0.013609 0.981354 0.000000 0.000000 0.000000 0.000000 1.000000
0.981555 0.126317 0.143504 0.000000 -0.121561 0.991717 -0.041480 10.182400 -0.147555 0.023270 0.988780 0.000000 0.000000 0.000000 0.000000 1.000000
0.991616 0.089225 0.093467 -0.000000 -0.082880 0.994119 -0.069699 10.182400 -0.099136 0.061368 0.993180 0.000000 0.000000 0.000000 0.000000 1.000000
0.997373 0.058334 0.042935 0.000000 -0.053731 0.993383 -0.101503 10.182400 -0.048572 0.098929 0.993908 0.000000 0.000000 0.000000 0.000000 1.000000
0.999616 0.027142 -0.005547 0.000000 -0.027636 0.990880 -0.131882 10.182400 0.001917 0.131984 0.991250 0.000000 0.000000 0.000000 0.000000 1.000000
0.998765 -0.001423 -0.049671 0.000000 -0.006372 0.987669 -0.156430 10.182400 0.049281 0.156553 0.986439 0.000000 0.000000 0.000000 0.000000 1.000000
0.996301 -0.023493 -0.082654 0.000000 0.009797 0.986683 -0.162361 10.182400 0.085367 0.160951 0.983264 -0.000000 0.000000 0.000000 0.000000 1.000000
0.994540 -0.043563 -0.094828 0.000000 0.029737 0.989331 -0.142619 10.182400 0.100029 0.139020 0.985225 -0.000000 0.000000 0.000000 0.000000 1.000000
0.993388 -0.058285 -0.098914 0.000000 0.047141 0.992647 -0.111490 10.182400 0.104685 0.106089 0.988831 0.000000 0.000000 0.000000 0.000000 1.000000
0.993952 -0.058426 -0.092982 -0.000000 0.051189 0.995607 -0.078397 10.182400 0.097154 0.073164 0.992577 0.000000 0.000000 0.000000 0.000000 1.000000
0.994681 -0.040844 -0.094562 0.000000 0.035005 0.997424 -0.062604 10.182400 0.096876 0.058961 0.993549 0.000000 0.000000 0.000000 0.000000 1.000000
0.993384 -0.016072 -0.113707 0.000000 0.010362 0.998664 -0.050633 10.182400 0.114369 0.049120 0.992223 0.000000 0.000000 0.000000 0.000000 1.000000
0.991839 -0.004271 -0.127424 0.000000 0.000457 0.999551 -0.029948 10.182400 0.127495 0.029645 0.991396 0.000000 0.000000 0.000000 0.000000 1.000000
0.986207 -0.019907 -0.164314 -0.000000 0.015847 0.999537 -0.025982 10.182400 0.164755 0.023019 0.986066 0.000000 0.000000 0.000000 0.000000 1.000000
0.981863 -0.040152 -0.185293 0.000000 0.033670 0.998710 -0.037997 10.182400 0.186580 0.031069 0.981948 0.000000 0.000000 0.000000 0.000000 1.000000
0.988479 -0.055323 -0.140887 0.000000 0.045666 0.996439 -0.070883 10.182400 0.144307 0.063633 0.987485 0.000000 0.000000 0.000000 0.000000 1.000000
0.994655 -0.056742 -0.086266 0.000000 0.046040 0.991542 -0.121346 10.182400 0.092422 0.116726 0.988854 0.000000 0.000000 0.000000 0.000000 1.000000
0.998114 -0.032354 -0.052163 0.000000 0.021586 0.980537 -0.195143 10.182400 0.057461 0.193649 0.979387 -0.000000 0.000000 0.000000 0.000000 1.000000
0.999641 0.006151 -0.026096 0.000000 -0.013296 0.958945 -0.283279 10.182400 0.023282 0.283524 0.958682 -0.000000 0.000000 0.000000 0.000000 1.000000
0.998582 0.049591 0.019339 0.000000 -0.040475 0.943396 -0.329190 10.182400 -0.034570 0.327940 0.944066 0.000000 0.000000 0.000000 0.000000 1.000000
0.993195 0.089131 0.074963 0.000000 -0.060848 0.945949 -0.318555 10.182400 -0.099305 0.311826 0.944935 0.000000 0.000000 0.000000 0.000000 1.000000
0.991752 0.096147 0.084760 0.000000 -0.066535 0.951394 -0.300704 10.182400 -0.109552 0.292584 0.949944 0.000000 0.000000 0.000000 0.000000 1.000000
0.993704 0.083996 0.074139 -0.000000 -0.060769 0.960042 -0.273179 10.182400 -0.094123 0.266954 0.959102 0.000000 0.000000 0.000000 0.000000 1.000000
0.993785 0.070947 0.085774 0.000000 -0.051583 0.976354 -0.209932 10.182400 -0.098640 0.204203 0.973946 0.000000 0.000000 0.000000 0.000000 1.000000
0.992402 0.047956 0.113307 0.000000 -0.031146 0.988835 -0.145720 10.182400 -0.119030 0.141084 0.982816 0.000000 0.000000 0.000000 0.000000 1.000000
0.990571 0.033563 0.132823 0.000000 -0.019161 0.993938 -0.108259 10.182400 -0.135651 0.104693 0.985210 0.000000 0.000000 0.000000 0.000000 1.000000
0.988770 0.034856 0.145322 0.000000 -0.021387 0.995414 -0.093240 10.182400 -0.147905 0.089085 0.984981 -0.000000 0.000000 0.000000 0.000000 1.000000
0.986973 0.033321 0.157399 -0.000000 -0.019521 0.995891 -0.088427 10.182400 -0.159699 0.084202 0.983568 0.000000 0.000000 0.000000 0.000000 1.000000
0.985174 0.030417 0.168839 0.000000 -0.015862 0.996091 -0.086896 10.182400 -0.170822 0.082929 0.981806 0.000000 0.000000 0.000000 0.000000 1.000000
0.983062 0.026155 0.181400 -0.000000 -0.011469 0.996604 -0.081540 10.182400 -0.182916 0.078078 0.980023 0.000000 0.000000 0.000000 0.000000 1.000000</float_array>
        <technique_common>
          <accessor source="#mixamorig_Spine-Matrix-animation-output-transform-array" count="64" stride="16">
            <param type="float4x4"/>
          </accessor>
        </technique_common>
      </source>
      <source id="mixamorig_Spine-Interpolations">
        <Name_array id="mixamorig_Spine-Interpolations-array" count="64">
 LINEAR LINEAR LINEAR LINEAR LINEAR LINEAR LINEAR LINEAR LINEAR LINEAR LINEAR
LINEAR LINEAR LINEAR LINEAR LINEAR LINEAR LINEAR LINEAR LINEAR LINEAR LINEAR LINEAR
LINEAR LINEAR LINEAR LINEAR LINEAR LINEAR LINEAR LINEAR LINEAR LINEAR LINEAR LINEAR
LINEAR LINEAR LINEAR LINEAR LINEAR LINEAR LINEAR LINEAR LINEAR LINEAR LINEAR LINEAR
LINEAR LINEAR LINEAR LINEAR LINEAR LINEAR LINEAR LINEAR LINEAR LINEAR LINEAR LINEAR
LINEAR LINEAR LINEAR LINEAR LINEAR</Name_array>
        <technique_common>
          <accessor source="#mixamorig_Spine-Interpolations-array" count="64">
            <param type="name"/>
          </accessor>
        </technique_common>
      </source>
      <sampler id="mixamorig_Spine-Matrix-animation-transform">
        <input semantic="INPUT" source="#mixamorig_Spine-Matrix-animation-input"/>
        <input semantic="OUTPUT" source="#mixamorig_Spine-Matrix-animation-output-transform"/>
        <input semantic="INTERPOLATION" source="#mixamorig_Spine-Interpolations"/>
      </sampler>
      <channel source="#mixamorig_Spine-Matrix-animation-transform" target="mixamorig_Spine/matrix"/>
    </animation>
    <animation id="mixamorig_Spine1-anim" name="mixamorig_Spine1">
      <source id="mixamorig_Spine1-Matrix-animation-input">
        <float_array id="mixamorig_Spine1-Matrix-animation-input-array" count="64">

0.000000 0.033333 0.066667 0.100000 0.133333 0.166667 0.200000 0.233333 0.266667 0.300000 0.333333 0.366667 0.400000 0.433333 0.466667 0.500000
0.533333 0.566667 0.600000 0.633333 0.666667 0.700000 0.733333 0.766667 0.800000 0.833333 0.866667 0.900000 0.933333 0.966667 1.000000 1.033333
1.066667 1.100000 1.133333 1.166667 1.200000 1.233333 1.266667 1.300000 1.333333 1.366667 1.400000 1.433333 1.466667 1.500000 1.533333 1.566667
1.600000 1.633333 1.666667 1.700000 1.733333 1.766667 1.800000 1.833333 1.866667 1.900000 1.933333 1.966667 2.000000 2.033333 2.066667 2.100000</float_array>
        <technique_common>
          <accessor source="#mixamorig_Spine1-Matrix-animation-input-array" count="64">
            <param name="TIME" type="float"/>
          </accessor>
        </technique_common>
      </source>
      <source id="mixamorig_Spine1-Matrix-animation-output-transform">
        <float_array id="mixamorig_Spine1-Matrix-animation-output-transform-array" count="1024">

0.998762 -0.009801 0.048779 0.000000 0.010961 0.999662 -0.023557 10.002700 -0.048532 0.024062 0.998532 -0.000000 0.000000 0.000000 0.000000 1.000000
0.999156 -0.010095 0.039805 0.000000 0.011298 0.999483 -0.030113 10.002700 -0.039480 0.030538 0.998754 -0.000000 0.000000 0.000000 0.000000 1.000000
0.999464 -0.010720 0.030948 0.000000 0.011853 0.999257 -0.036662 10.002700 -0.030532 0.037009 0.998848 0.000000 0.000000 0.000000 0.000000 1.000000
0.999695 -0.011180 0.022029 0.000000 0.012124 0.998991 -0.043232 10.002700 -0.021523 0.043486 0.998822 -0.000000 0.000000 0.000000 0.000000 1.000000
0.999857 -0.010976 0.012868 0.000000 0.011604 0.998690 -0.049837 10.002700 -0.012304 0.049979 0.998674 0.000000 0.000000 0.000000 0.000000 1.000000
0.999948 -0.009612 0.003285 -0.000000 0.009782 0.998356 -0.056471 10.002700 -0.002737 0.056500 0.998399 0.000000 0.000000 0.000000 0.000000 1.000000
0.999959 -0.005799 -0.006895 0.000000 0.005361 0.998067 -0.061919 10.002700 0.007241 0.061879 0.998057 0.000000 0.000000 0.000000 0.000000 1.000000
0.999866 -0.004873 -0.015631 0.000000 0.003936 0.998224 -0.059436 10.002700 0.015893 0.059367 0.998110 0.000000 0.000000 0.000000 0.000000 1.000000
0.999563 -0.007369 -0.028625 0.000000 0.005900 0.998679 -0.051046 10.002700 0.028963 0.050855 0.998286 -0.000000 0.000000 0.000000 0.000000 1.000000
0.999085 -0.009982 -0.041599 0.000000 0.008310 0.999158 -0.040172 10.002700 0.041965 0.039790 0.998326 0.000000 0.000000 0.000000 0.000000 1.000000
0.998704 -0.010146 -0.049876 -0.000000 0.008878 0.999633 -0.025582 10.002700 0.050117 0.025106 0.998428 0.000000 0.000000 0.000000 0.000000 1.000000
0.998395 -0.009249 -0.055877 -0.000000 0.008679 0.999908 -0.010427 10.002700 0.055968 0.009925 0.998383 0.000000 0.000000 0.000000 0.000000 1.000000
0.998002 -0.008406 -0.062625 0.000000 0.008599 0.999959 0.002808 10.002700 0.062599 -0.003341 0.998033 0.000000 0.000000 0.000000 0.000000 1.000000
0.997039 -0.007405 -0.076543 0.000000 0.008230 0.999911 0.010467 10.002700 0.076458 -0.011066 0.997011 0.000000 0.000000 0.000000 0.000000 1.000000
0.996171 -0.006611 -0.087175 0.000000 0.007298 0.999945 0.007567 10.002700 0.087120 -0.008174 0.996164 0.000000 0.000000 0.000000 0.000000 1.000000
0.996745 -0.006362 -0.080373 0.000000 0.006557 0.999976 0.002174 10.002700 0.080357 -0.002694 0.996763 0.000000 0.000000 0.000000 0.000000 1.000000
0.997644 -0.001793 -0.068580 0.000000 0.001562 0.999993 -0.003411 10.002700 0.068586 0.003296 0.997640 -0.000000 0.000000 0.000000 0.000000 1.000000
0.998130 0.003273 -0.061032 0.000000 -0.003894 0.999942 -0.010065 10.002700 0.060996 0.010284 0.998085 0.000000 0.000000 0.000000 0.000000 1.000000
0.998359 -0.004235 -0.057112 0.000000 0.003026 0.999770 -0.021252 10.002700 0.057189 0.021044 0.998142 0.000000 0.000000 0.000000 0.000000 1.000000
0.998370 -0.017744 -0.054238 0.000000 0.015761 0.999200 -0.036760 10.002700 0.054847 0.035845 0.997851 -0.000000 0.000000 0.000000 0.000000 1.000000
0.998231 -0.023375 -0.054675 0.000000 0.020496 0.998403 -0.052638 10.002700 0.055818 0.051424 0.997116 0.000000 0.000000 0.000000 0.000000 1.000000
0.998587 -0.018855 -0.049693 0.000000 0.015774 0.997971 -0.061688 10.002700 0.050756 0.060817 0.996858 -0.000000 0.000000 0.000000 0.000000 1.000000
0.999444 -0.011518 -0.031294 0.000000 0.009398 0.997706 -0.067041 10.002700 0.031994 0.066709 0.997259 0.000000 0.000000 0.000000 0.000000 1.000000
0.999970 -0.004885 -0.006001 0.000000 0.004470 0.997729 -0.067202 10.002700 0.006316 0.067173 0.997721 0.000000 0.000000 0.000000 0.000000 1.000000
0.999837 0.001924 0.017934 0.000000 -0.000810 0.998082 -0.061904 10.002700 -0.018019 0.061879 0.997921 0.000000 0.000000 0.000000 0.000000 1.000000
0.999460 0.009233 0.031549 0.000000 -0.007591 0.998630 -0.051767 10.002700 -0.031984 0.051500 0.998161 0.000000 0.000000 0.000000 0.000000 1.000000
0.999218 0.015207 0.036505 0.000000 -0.013866 0.999230 -0.036713 10.002700 -0.037035 0.036178 0.998659 0.000000 0.000000 0.000000 0.000000 1.000000
0.998943 0.020054 0.041369 -0.000000 -0.019142 0.999567 -0.022337 10.002700 -0.041799 0.021521 0.998894 0.000000 0.000000 0.000000 0.000000 1.000000
0.998308 0.026028 0.052006 -0.000000 -0.025188 0.999543 -0.016740 10.002700 -0.052418 0.015402 0.998506 0.000000 0.000000 0.000000 0.000000 1.000000
0.997349 0.030877 0.065884 0.000000 -0.029886 0.999426 -0.015963 10.002700 -0.066339 0.013951 0.997700 0.000000 0.000000 0.000000 0.000000 1.000000
0.996493 0.033162 0.076819 0.000000 -0.032104 0.999373 -0.014957 10.002700 -0.077267 0.012438 0.996933 0.000000 0.000000 0.000000 0.000000 1.000000
0.996619 0.031334 0.075954 0.000000 -0.030688 0.999482 -0.009658 10.002700 -0.076217 0.007295 0.997065 0.000000 0.000000 0.000000 0.000000 1.000000
0.996722 0.031252 0.074626 0.000000 -0.030893 0.999505 -0.005964 10.002700 -0.074775 0.003639 0.997194 -0.000000 0.000000 0.000000 0.000000 1.000000
0.996984 0.033784 0.069868 0.000000 -0.033367 0.999418 -0.007119 10.002700 -0.070068 0.004766 0.997531 0.000000 0.000000 0.000000 0.000000 1.000000
0.997727 0.032563 0.058998 0.000000 -0.031853 0.999409 -0.012933 10.002700 -0.059384 0.011024 0.998174 0.000000 0.000000 0.000000 0.000000 1.000000
0.998703 0.025749 0.043930 0.000000 -0.024843 0.999470 -0.021035 10.002700 -0.044449 0.019916 0.998813 0.000000 0.000000 0.000000 0.000000 1.000000
0.999453 0.017464 0.028074 -0.000000 -0.016618 0.999409 -0.030089 10.002700 -0.028583 0.029606 0.999153 0.000000 0.000000 0.000000 0.000000 1.000000
0.999891 0.008596 0.012045 0.000000 -0.008115 0.999191 -0.039384 10.002700 -0.012373 0.039282 0.999152 -0.000000 0.000000 0.000000 0.000000 1.000000
0.999994 -0.000461 -0.003405 0.000000 0.000299 0.998871 -0.047509 10.002700 0.003423 0.047508 0.998865 -0.000000 0.000000 0.000000 0.000000 1.000000
0.999803 -0.009311 -0.017523 0.000000 0.008371 0.998559 -0.053009 10.002700 0.017992 0.052852 0.998440 0.000000 0.000000 0.000000 0.000000 1.000000
0.999444 -0.017490 -0.028373 0.000000 0.016006 0.998533 -0.051718 10.002700 0.029236 0.051235 0.998259 0.000000 0.000000 0.000000 0.000000 1.000000
0.999275 -0.020518 -0.032069 0.000000 0.019065 0.998806 -0.044972 10.002700 0.032954 0.044328 0.998473 0.000000 0.000000 0.000000 0.000000 1.000000
0.999223 -0.021756 -0.032878 0.000000 0.020529 0.999097 -0.037201 10.002700 0.033657 0.036497 0.998767 0.000000 0.000000 0.000000 0.000000 1.000000
0.999293 -0.021855 -0.030606 0.000000 0.020927 0.999322 -0.030303 10.002700 0.031247 0.029641 0.999072 0.000000 0.000000 0.000000 0.000000 1.000000
0.999371 -0.018809 -0.030065 0.000000 0.018027 0.999497 -0.026087 10.002700 0.030541 0.025528 0.999207 0.000000 0.000000 0.000000 0.000000 1.000000
0.999333 -0.013034 -0.034121 0.000000 0.012323 0.999705 -0.020943 10.002700 0.034384 0.020509 0.999198 0.000000 0.000000 0.000000 0.000000 1.000000
0.999235 -0.011369 -0.037423 0.000000 0.010811 0.999828 -0.015071 10.002700 0.037588 0.014655 0.999186 -0.000000 0.000000 0.000000 0.000000 1.000000
0.998801 -0.010985 -0.047716 0.000000 0.010493 0.999889 -0.010546 10.002700 0.047826 0.010033 0.998805 0.000000 0.000000 0.000000 0.000000 1.000000
0.998483 -0.011701 -0.053802 0.000000 0.011281 0.999904 -0.008094 10.002700 0.053891 0.007474 0.998519 0.000000 0.000000 0.000000 0.000000 1.000000
0.998985 -0.015131 -0.042433 0.000000 0.014646 0.999824 -0.011708 10.002700 0.042603 0.011074 0.999031 0.000000 0.000000 0.000000 0.000000 1.000000
0.999514 -0.014481 -0.027614 0.000000 0.013894 0.999675 -0.021351 10.002700 0.027914 0.020957 0.999391 0.000000 0.000000 0.000000 0.000000 1.000000
0.999846 -0.007054 -0.016089 0.000000 0.006448 0.999279 -0.037415 10.002700 0.016341 0.037305 0.999170 0.000000 0.000000 0.000000 0.000000 1.000000
0.999986 0.003477 -0.004094 -0.000000 -0.003701 0.998425 -0.055981 10.002700 0.003892 0.055995 0.998423 0.000000 0.000000 0.000000 0.000000 1.000000
0.999885 0.009361 0.011900 0.000000 -0.008519 0.997589 -0.068879 10.002700 -0.012516 0.068770 0.997554 0.000000 0.000000 0.000000 0.000000 1.000000
0.999514 0.012426 0.028594 0.000000 -0.010310 0.997280 -0.072975 10.002700 -0.029423 0.072645 0.996924 0.000000 0.000000 0.000000 0.000000 1.000000
0.999433 0.013136 0.031011 0.000000 -0.010921 0.997449 -0.070537 10.002700 -0.031859 0.070159 0.997027 0.000000 0.000000 0.000000 0.000000 1.000000
0.999597 0.010315 0.026440 0.000000 -0.008636 0.997985 -0.062858 10.002700 -0.027035 0.062604 0.997672 -0.000000 0.000000 0.000000 0.000000 1.000000
0.999619 0.005651 0.027012 -0.000000 -0.004300 0.998751 -0.049782 10.002700 -0.027260 0.049647 0.998395 0.000000 0.000000 0.000000 0.000000 1.000000
0.999477 0.000672 0.032331 -0.000000 0.000542 0.999296 -0.037507 10.002700 -0.032334 0.037505 0.998773 0.000000 0.000000 0.000000 0.000000 1.000000
0.999318 -0.002814 0.036818 0.000000 0.003931 0.999534 -0.030282 10.002700 -0.036716 0.030406 0.998863 0.000000 0.000000 0.000000 0.000000 1.000000
0.999179 -0.005073 0.040203 0.000000 0.006160 0.999618 -0.026937 10.002700 -0.040051 0.027162 0.998828 -0.000000 0.000000 0.000000 0.000000 1.000000
0.999048 -0.006718 0.043115 0.000000 0.007826 0.999642 -0.025595 10.002700 -0.042927 0.025908 0.998742 0.000000 0.000000 0.000000 0.000000 1.000000
0.998914 -0.008157 0.045868 0.000000 0.009307 0.999646 -0.024917 10.002700 -0.045649 0.025316 0.998637 -0.000000 0.000000 0.000000 0.000000 1.000000
0.998762 -0.009801 0.048779 0.000000 0.010961 0.999662 -0.023557 10.002700 -0.048532 0.024062 0.998532 0.000000 0.000000 0.000000 0.000000 1.000000</float_array>
        <technique_common>
          <accessor source="#mixamorig_Spine1-Matrix-animation-output-transform-array" count="64" stride="16">
            <param type="float4x4"/>
          </accessor>
        </technique_common>
      </source>
      <source id="mixamorig_Spine1-Interpolations">
        <Name_array id="mixamorig_Spine1-Interpolations-array" count="64">
 LINEAR LINEAR LINEAR LINEAR LINEAR LINEAR LINEAR LINEAR LINEAR LINEAR LINEAR
LINEAR LINEAR LINEAR LINEAR LINEAR LINEAR LINEAR LINEAR LINEAR LINEAR LINEAR LINEAR
LINEAR LINEAR LINEAR LINEAR LINEAR LINEAR LINEAR LINEAR LINEAR LINEAR LINEAR LINEAR
LINEAR LINEAR LINEAR LINEAR LINEAR LINEAR LINEAR LINEAR LINEAR LINEAR LINEAR LINEAR
LINEAR LINEAR LINEAR LINEAR LINEAR LINEAR LINEAR LINEAR LINEAR LINEAR LINEAR LINEAR
LINEAR LINEAR LINEAR LINEAR LINEAR</Name_array>
        <technique_common>
          <accessor source="#mixamorig_Spine1-Interpolations-array" count="64">
            <param type="name"/>
          </accessor>
        </technique_common>
      </source>
      <sampler id="mixamorig_Spine1-Matrix-animation-transform">
        <input semantic="INPUT" source="#mixamorig_Spine1-Matrix-animation-input"/>
        <input semantic="OUTPUT" source="#mixamorig_Spine1-Matrix-animation-output-transform"/>
        <input semantic="INTERPOLATION" source="#mixamorig_Spine1-Interpolations"/>
      </sampler>
      <channel source="#mixamorig_Spine1-Matrix-animation-transform" target="mixamorig_Spine1/matrix"/>
    </animation>
    <animation id="mixamorig_Spine2-anim" name="mixamorig_Spine2">
      <source id="mixamorig_Spine2-Matrix-animation-input">
        <float_array id="mixamorig_Spine2-Matrix-animation-input-array" count="64">

0.000000 0.033333 0.066667 0.100000 0.133333 0.166667 0.200000 0.233333 0.266667 0.300000 0.333333 0.366667 0.400000 0.433333 0.466667 0.500000
0.533333 0.566667 0.600000 0.633333 0.666667 0.700000 0.733333 0.766667 0.800000 0.833333 0.866667 0.900000 0.933333 0.966667 1.000000 1.033333
1.066667 1.100000 1.133333 1.166667 1.200000 1.233333 1.266667 1.300000 1.333333 1.366667 1.400000 1.433333 1.466667 1.500000 1.533333 1.566667
1.600000 1.633333 1.666667 1.700000 1.733333 1.766667 1.800000 1.833333 1.866667 1.900000 1.933333 1.966667 2.000000 2.033333 2.066667 2.100000</float_array>
        <technique_common>
          <accessor source="#mixamorig_Spine2-Matrix-animation-input-array" count="64">
            <param name="TIME" type="float"/>
          </accessor>
        </technique_common>
      </source>
      <source id="mixamorig_Spine2-Matrix-animation-output-transform">
        <float_array id="mixamorig_Spine2-Matrix-animation-output-transform-array" count="1024">

0.998785 -0.007957 0.048630 0.000000 0.010373 0.998713 -0.049647 9.322100 -0.048172 0.050091 0.997582 -0.000000 0.000000 0.000000 0.000000 1.000000
0.999178 -0.008748 0.039579 0.000000 0.010966 0.998361 -0.056176 9.322100 -0.039023 0.056563 0.997636 0.000000 0.000000 0.000000 0.000000 1.000000
0.999482 -0.009857 0.030638 -0.000000 0.011764 0.997965 -0.062677 9.322100 -0.029958 0.063004 0.997564 -0.000000 0.000000 0.000000 0.000000 1.000000
0.999707 -0.010808 0.021638 0.000000 0.012282 0.997528 -0.069189 9.322100 -0.020837 0.069435 0.997369 0.000000 0.000000 0.000000 0.000000 1.000000
0.999861 -0.011123 0.012410 0.000000 0.012032 0.997055 -0.075736 9.322100 -0.011531 0.075874 0.997051 0.000000 0.000000 0.000000 0.000000 1.000000
0.999943 -0.010325 0.002783 0.000000 0.010519 0.996551 -0.082318 9.322100 -0.001924 0.082343 0.996602 0.000000 0.000000 0.000000 0.000000 1.000000
0.999948 -0.007142 -0.007347 0.000000 0.006470 0.996121 -0.087761 9.322100 0.007945 0.087709 0.996114 -0.000000 0.000000 0.000000 0.000000 1.000000
0.999852 -0.006586 -0.015908 0.000000 0.005207 0.996345 -0.085262 9.322100 0.016411 0.085167 0.996232 0.000000 0.000000 0.000000 0.000000 1.000000
0.999538 -0.009547 -0.028867 -0.000000 0.007306 0.997023 -0.076754 9.322100 0.029514 0.076508 0.996632 0.000000 0.000000 0.000000 0.000000 1.000000
0.999047 -0.012456 -0.041832 0.000000 0.009688 0.997791 -0.065716 9.322100 0.042558 0.065248 0.996961 0.000000 0.000000 0.000000 0.000000 1.000000
