<?xml version="1.0" encoding="utf-8"?>
<COLLADA xmlns="http://www.collada.org/2005/11/COLLADASchema" version="1.4.1">
  <asset>
    <contributor>
      <author>Mixamo</author>
      <authoring_tool>COLLADA Mixamo exporter</authoring_tool>
      <comments/>
    </contributor>
    <created>2024-05-03T13:20:27Z</created>
    <modified>2024-05-03T13:20:27Z</modified>
    <revision/>
    <title/>
    <unit meter="0.010000"/>
    <up_axis>Y_UP</up_axis>
  </asset>
  <library_animations>
    <animation id="mixamorig_Hips-anim" name="mixamorig_Hips">
      <source id="mixamorig_Hips-Matrix-animation-input">
        <float_array id="mixamorig_Hips-Matrix-animation-input-array" count="144">

0.000000 0.033333 0.066667 0.100000 0.133333 0.166667 0.200000 0.233333 0.266667 0.300000 0.333333 0.366667 0.400000 0.433333 0.466667 0.500000
0.533333 0.566667 0.600000 0.633333 0.666667 0.700000 0.733333 0.766667 0.800000 0.833333 0.866667 0.900000 0.933333 0.966667 1.000000 1.033333
1.066667 1.100000 1.133333 1.166667 1.200000 1.233333 1.266667 1.300000 1.333333 1.366667 1.400000 1.433333 1.466667 1.500000 1.533333 1.566667
1.600000 1.633333 1.666667 1.700000 1.733333 1.766667 1.800000 1.833333 1.866667 1.900000 1.933333 1.966667 2.000000 2.033333 2.066667 2.100000
2.133333 2.166667 2.200000 2.233333 2.266667 2.300000 2.333333 2.366667 2.400000 2.433333 2.466667 2.500000 2.533333 2.566667 2.600000 2.633333
2.666667 2.700000 2.733333 2.766667 2.800000 2.833333 2.866667 2.900000 2.933333 2.966667 3.000000 3.033333 3.066667 3.100000 3.133333 3.166667
3.200000 3.233333 3.266667 3.300000 3.333333 3.366667 3.400000 3.433333 3.466667 3.500000 3.533333 3.566667 3.600000 3.633333 3.666667 3.700000
3.733333 3.766667 3.800000 3.833333 3.866667 3.900000 3.933333 3.966667 4.000000 4.033333 4.066667 4.100000 4.133333 4.166667 4.200000 4.233333
4.266667 4.300000 4.333333 4.366667 4.400000 4.433333 4.466667 4.500000 4.533333 4.566667 4.600000 4.633333 4.666667 4.700000 4.733333 4.766667</float_array>
        <technique_common>
          <accessor source="#mixamorig_Hips-Matrix-animation-input-array" count="144">
            <param name="TIME" type="float"/>
          </accessor>
        </technique_common>
      </source>
      <source id="mixamorig_Hips-Matrix-animation-output-transform">
        <float_array id="mixamorig_Hips-Matrix-animation-output-transform-array" count="2304">

0.991895 -0.121114 -0.038413 -0.715324 0.123218 0.990673 0.058182 97.986191 0.031008 -0.062444 0.997567 1.228554 0.000000 0.000000 0.000000 1.000000
0.995737 -0.089507 -0.022262 -1.654524 0.090703 0.994054 0.060251 97.930740 0.016737 -0.062013 0.997935 1.389659 0.000000 0.000000 0.000000 1.000000
0.998872 -0.046594 -0.009204 -2.978909 0.047094 0.996783 0.064852 97.740631 0.006152 -0.065213 0.997852 1.592364 0.000000 0.000000 0.000000 1.000000
0.999985 0.005038 0.002109 -4.607087 -0.005175 0.997478 0.070792 97.461288 -0.001747 -0.070802 0.997489 1.822113 0.000000 0.000000 0.000000 1.000000
0.998053 0.060071 0.016795 -6.346117 -0.061179 0.995231 0.075973 97.066849 -0.012151 -0.076852 0.996968 2.025643 0.000000 0.000000 0.000000 1.000000
0.992698 0.113030 0.042120 -7.952076 -0.116083 0.990097 0.078947 96.447495 -0.032779 -0.083260 0.995989 2.119487 0.000000 0.000000 0.000000 1.000000
0.984058 0.159031 0.079617 -9.262410 -0.165442 0.982830 0.081694 95.508141 -0.065258 -0.093564 0.993472 2.035773 0.000000 0.000000 0.000000 1.000000
0.974210 0.191946 0.118623 -10.248343 -0.203082 0.975001 0.090172 94.376022 -0.098350 -0.111936 0.988836 1.774013 0.000000 0.000000 0.000000 1.000000
0.968258 0.206094 0.141427 -10.960354 -0.222210 0.968830 0.109502 93.446983 -0.114451 -0.137453 0.983874 1.411982 0.000000 0.000000 0.000000 1.000000
0.970078 0.200200 0.137364 -11.411775 -0.218654 0.966304 0.135819 93.152641 -0.105545 -0.161790 0.981165 1.062356 0.000000 0.000000 0.000000 1.000000
0.977537 0.178783 0.111613 -11.504360 -0.194833 0.968505 0.155040 93.650116 -0.080380 -0.173304 0.981583 0.819530 0.000000 0.000000 0.000000 1.000000
0.985649 0.148777 0.079765 -11.088366 -0.159660 0.975044 0.154265 94.726166 -0.054823 -0.164786 0.984804 0.726915 0.000000 0.000000 0.000000 1.000000
0.992076 0.113857 0.053120 -10.125664 -0.120063 0.983701 0.133855 95.967255 -0.037013 -0.139172 0.989576 0.756018 0.000000 0.000000 0.000000 1.000000
0.996935 0.072324 0.029821 -8.789652 -0.075114 0.991464 0.106567 96.961121 -0.021859 -0.108480 0.993858 0.808012 0.000000 0.000000 0.000000 1.000000
0.999789 0.020531 0.000116 -7.396461 -0.020463 0.996021 0.086733 97.396469 0.001665 -0.086717 0.996232 0.759124 0.000000 0.000000 0.000000 1.000000
0.998411 -0.038865 -0.040808 -6.204336 0.042071 0.995834 0.080899 97.161407 0.037494 -0.082487 0.995887 0.545853 0.000000 0.000000 0.000000 1.000000
0.991976 -0.093599 -0.084984 -5.281000 0.100983 0.991059 0.087202 96.504463 0.076062 -0.095085 0.992559 0.233954 0.000000 0.000000 0.000000 1.000000
0.984919 -0.128650 -0.115692 -4.550432 0.140413 0.985028 0.100022 95.960556 0.101092 -0.114758 0.988236 -0.009943 0.000000 0.000000 0.000000 1.000000
0.983161 -0.137880 -0.119933 -3.931553 0.151338 0.982178 0.111458 96.021255 0.102428 -0.127732 0.986506 -0.049934 0.000000 0.000000 0.000000 1.000000
0.986980 -0.127252 -0.098379 -3.422348 0.138010 0.984120 0.111626 96.740784 0.082612 -0.123750 0.988869 0.087355 0.000000 0.000000 0.000000 1.000000
0.991736 -0.109920 -0.066154 -3.102834 0.115946 0.988658 0.095460 97.664291 0.054911 -0.102341 0.993233 0.216344 0.000000 0.000000 0.000000 1.000000
0.994186 -0.098567 -0.043339 -3.082747 0.101443 0.992368 0.070104 98.137520 0.036098 -0.074093 0.996598 0.134932 0.000000 0.000000 0.000000 1.000000
0.994271 -0.098558 -0.041362 -3.406494 0.100644 0.993573 0.051811 97.784988 0.035989 -0.055677 0.997800 -0.229337 0.000000 0.000000 0.000000 1.000000
0.992753 -0.106006 -0.056601 -4.014950 0.109117 0.992504 0.055031 96.772751 0.050343 -0.060808 0.996879 -0.795734 0.000000 0.000000 0.000000 1.000000
0.991005 -0.110972 -0.074792 -4.799498 0.117004 0.989759 0.081770 95.761711 0.064952 -0.089785 0.993841 -1.401076 0.000000 0.000000 0.000000 1.000000
0.991322 -0.103535 -0.080995 -5.699980 0.112551 0.986843 0.116070 95.474518 0.067912 -0.124179 0.989933 -1.865499 0.000000 0.000000 0.000000 1.000000
0.994572 -0.078717 -0.068052 -6.731673 0.087109 0.987584 0.130729 96.174164 0.056916 -0.135947 0.989080 -2.043744 0.000000 0.000000 0.000000 1.000000
0.998478 -0.038419 -0.039580 -7.936323 0.042484 0.993288 0.107583 97.436981 0.035181 -0.109101 0.993408 -1.908406 0.000000 0.000000 0.000000 1.000000
0.999925 0.010452 -0.006370 -9.317163 -0.010081 0.998396 0.055713 98.487038 0.006942 -0.055645 0.998426 -1.610776 0.000000 0.000000 0.000000 1.000000
0.997872 0.061141 0.022656 -10.791372 -0.061319 0.998092 0.007239 98.778084 -0.022170 -0.008613 0.999717 -1.403947 0.000000 0.000000 0.000000 1.000000
0.992533 0.112333 0.047543 -12.184068 -0.112061 0.993666 -0.008369 98.223251 -0.048182 0.002979 0.998834 -1.456811 0.000000 0.000000 0.000000 1.000000
0.983179 0.166925 0.074129 -13.306549 -0.168482 0.985587 0.015225 97.006516 -0.070519 -0.027458 0.997132 -1.751760 0.000000 0.000000 0.000000 1.000000
0.969573 0.222039 0.103088 -14.102522 -0.229116 0.971380 0.062667 95.425209 -0.086223 -0.084379 0.992696 -2.141703 0.000000 0.000000 0.000000 1.000000
0.955646 0.266731 0.124886 -14.685745 -0.280697 0.953238 0.112012 93.964172 -0.089169 -0.142099 0.985828 -2.459230 0.000000 0.000000 0.000000 1.000000
0.947803 0.291374 0.129500 -15.225876 -0.308901 0.939765 0.146361 93.164566 -0.079054 -0.178724 0.980718 -2.590026 0.000000 0.000000 0.000000 1.000000
0.947037 0.297773 0.120216 -15.787563 -0.314132 0.936746 0.154362 93.205017 -0.066647 -0.183950 0.980674 -2.496104 0.000000 0.000000 0.000000 1.000000
0.947674 0.297871 0.114834 -16.275305 -0.311684 0.941109 0.131021 93.709442 -0.069044 -0.159957 0.984706 -2.230814 0.000000 0.000000 0.000000 1.000000
0.943855 0.303111 0.131385 -16.518253 -0.315225 0.945324 0.083642 94.095802 -0.098848 -0.120362 0.987797 -1.939249 0.000000 0.000000 0.000000 1.000000
0.933098 0.315824 0.172000 -16.395470 -0.325869 0.944841 0.032932 94.051941 -0.152112 -0.086778 0.984546 -1.785406 0.000000 0.000000 0.000000 1.000000
0.918092 0.329256 0.220674 -15.900656 -0.338592 0.940921 0.004781 93.643288 -0.206063 -0.079108 0.975336 -1.856765 0.000000 0.000000 0.000000 1.000000
0.907411 0.334263 0.254703 -15.105530 -0.349367 0.936863 0.015156 93.066879 -0.233556 -0.102738 0.966900 -2.138352 0.000000 0.000000 0.000000 1.000000
0.909713 0.325081 0.258350 -14.095621 -0.350540 0.934740 0.058156 92.532593 -0.222585 -0.143467 0.964299 -2.550983 0.000000 0.000000 0.000000 1.000000
0.925056 0.301708 0.230747 -12.934472 -0.332647 0.936763 0.108723 92.332840 -0.183353 -0.177332 0.966920 -2.966232 0.000000 0.000000 0.000000 1.000000
0.945290 0.267957 0.186080 -11.679071 -0.295447 0.945045 0.140005 92.776131 -0.138339 -0.187323 0.972508 -3.230731 0.000000 0.000000 0.000000 1.000000
0.963091 0.227572 0.143759 -10.402065 -0.247530 0.958590 0.140831 93.928146 -0.105757 -0.171217 0.979541 -3.248754 0.000000 0.000000 0.000000 1.000000
0.976924 0.181079 0.113271 -9.183098 -0.194119 0.973950 0.117216 95.487717 -0.089095 -0.136500 0.986626 -3.044999 0.000000 0.000000 0.000000 1.000000
0.987984 0.126921 0.088195 -8.066219 -0.134186 0.987557 0.082008 96.990623 -0.076689 -0.092857 0.992722 -2.722548 0.000000 0.000000 0.000000 1.000000
0.996332 0.066388 0.053991 -7.047991 -0.068958 0.996502 0.047215 98.083374 -0.050668 -0.050765 0.997425 -2.377405 0.000000 0.000000 0.000000 1.000000
0.999983 0.005684 0.000850 -6.133315 -0.005702 0.999734 0.022338 98.590393 -0.000723 -0.022343 0.999750 -2.077179 0.000000 0.000000 0.000000 1.000000
0.996687 -0.046181 -0.066944 -5.358917 0.047241 0.998781 0.014337 98.450691 0.066200 -0.017452 0.997654 -1.871662 0.000000 0.000000 0.000000 1.000000
0.987871 -0.083604 -0.130846 -4.754739 0.087675 0.995819 0.025659 97.756943 0.128154 -0.036820 0.991071 -1.758339 0.000000 0.000000 0.000000 1.000000
0.979672 -0.108391 -0.168804 -4.296678 0.118493 0.991647 0.050940 96.846352 0.161873 -0.069907 0.984332 -1.645508 0.000000 0.000000 0.000000 1.000000
0.977394 -0.125589 -0.170081 -3.901624 0.140309 0.987074 0.077444 96.253685 0.158157 -0.099557 0.982382 -1.408193 0.000000 0.000000 0.000000 1.000000
0.980164 -0.137937 -0.142307 -3.520665 0.151683 0.984258 0.090707 96.380417 0.127555 -0.110493 0.985658 -1.011893 0.000000 0.000000 0.000000 1.000000
0.983843 -0.144244 -0.106055 -3.214466 0.153178 0.984829 0.081538 97.129639 0.092685 -0.096466 0.991012 -0.555511 0.000000 0.000000 0.000000 1.000000
0.985816 -0.145422 -0.083782 -3.131152 0.149996 0.987364 0.051132 97.931068 0.075288 -0.062974 0.995171 -0.180441 0.000000 0.000000 0.000000 1.000000
0.984587 -0.149022 -0.091548 -3.400672 0.150781 0.988487 0.012569 98.158775 0.088621 -0.026179 0.995721 0.027546 0.000000 0.000000 0.000000 1.000000
0.977639 -0.163006 -0.132858 -4.047508 0.162551 0.986596 -0.014336 97.568184 0.133414 -0.007580 0.991031 0.030568 0.000000 0.000000 0.000000 1.000000
0.964348 -0.182838 -0.191320 -5.008044 0.183481 0.982916 -0.014507 96.451569 0.190704 -0.021114 0.981420 -0.206684 0.000000 0.000000 0.000000 1.000000
0.954495 -0.188511 -0.231092 -6.227037 0.197087 0.980280 0.014387 95.441620 0.223823 -0.059278 0.972825 -0.670570 0.000000 0.000000 0.000000 1.000000
0.963762 -0.159117 -0.214113 -7.706332 0.175724 0.982561 0.060783 95.075165 0.200707 -0.096205 0.974916 -1.218734 0.000000 0.000000 0.000000 1.000000
0.988281 -0.090174 -0.123165 -9.434008 0.102529 0.989896 0.097952 95.365677 0.113088 -0.109433 0.987540 -1.636549 0.000000 0.000000 0.000000 1.000000
0.999761 0.003439 0.021607 -11.310243 -0.005524 0.995252 0.097174 95.758736 -0.021170 -0.097270 0.995033 -1.810398 0.000000 0.000000 0.000000 1.000000
0.980362 0.097159 0.171613 -13.171188 -0.108288 0.992501 0.056704 95.690063 -0.164817 -0.074174 0.983531 -1.809666 0.000000 0.000000 0.000000 1.000000
0.939635 0.181461 0.290101 -14.802659 -0.189801 0.981822 0.000623 94.918671 -0.284715 -0.055647 0.956996 -1.802193 0.000000 0.000000 0.000000 1.000000
0.892777 0.258341 0.369065 -16.055063 -0.259745 0.964541 -0.046836 93.504471 -0.368078 -0.054049 0.928223 -1.931705 0.000000 0.000000 0.000000 1.000000
0.853443 0.317043 0.413665 -16.923967 -0.317923 0.945615 -0.068827 91.653107 -0.412989 -0.072774 0.907824 -2.272694 0.000000 0.000000 0.000000 1.000000
0.839344 0.333822 0.429027 -17.399570 -0.344116 0.937253 -0.056043 89.860199 -0.420815 -0.100596 0.901552 -2.856864 0.000000 0.000000 0.000000 1.000000
0.861311 0.292104 0.415713 -17.381763 -0.313901 0.949309 -0.016673 88.827400 -0.399511 -0.116132 0.909343 -3.682233 0.000000 0.000000 0.000000 1.000000
0.906425 0.200340 0.371830 -16.794174 -0.223154 0.974600 0.018884 88.961922 -0.358602 -0.100092 0.928109 -4.635284 0.000000 0.000000 0.000000 1.000000
0.948383 0.088843 0.304427 -15.732344 -0.099485 0.994846 0.019596 89.922768 -0.301117 -0.048871 0.952334 -5.490800 0.000000 0.000000 0.000000 1.000000
0.973092 -0.014101 0.229983 -14.463809 0.018585 0.999677 -0.017342 90.825584 -0.229664 0.021149 0.973040 -6.071511 0.000000 0.000000 0.000000 1.000000
0.981445 -0.105738 0.159956 -13.325411 0.118048 0.990573 -0.069495 90.847420 -0.151100 0.087088 0.984675 -6.404687 0.000000 0.000000 0.000000 1.000000
0.975300 -0.197694 0.098525 -12.535907 0.208344 0.971501 -0.113045 89.590164 -0.073369 0.130780 0.988693 -6.721798 0.000000 0.000000 0.000000 1.000000
0.957052 -0.285218 0.051985 -12.107843 0.289690 0.947897 -0.132558 87.304291 -0.011468 0.141925 0.989811 -7.259490 0.000000 0.000000 0.000000 1.000000
0.940005 -0.339940 0.028827 -11.979938 0.340885 0.932494 -0.119386 84.663010 0.013703 0.122050 0.992429 -7.985343 0.000000 0.000000 0.000000 1.000000
0.940593 -0.338007 0.032173 -12.194463 0.339512 0.937408 -0.077450 82.465279 -0.003980 0.083772 0.996477 -8.594751 0.000000 0.000000 0.000000 1.000000
0.957862 -0.281727 0.055943 -12.853680 0.283576 0.958532 -0.028288 81.225525 -0.045654 0.042960 0.998033 -8.809443 0.000000 0.000000 0.000000 1.000000
0.976974 -0.194889 0.086832 -13.968781 0.195255 0.980743 0.004336 80.918465 -0.086005 0.012719 0.996214 -8.618363 0.000000 0.000000 0.000000 1.000000
0.988531 -0.098975 0.114064 -15.377336 0.098057 0.995087 0.013647 81.071030 -0.114854 -0.002306 0.993380 -8.226305 0.000000 0.000000 0.000000 1.000000
0.990182 0.004061 0.139727 -16.800014 -0.005002 0.999967 0.006387 81.176216 -0.139696 -0.007024 0.990170 -7.821072 0.000000 0.000000 0.000000 1.000000
0.976818 0.124671 0.174020 -17.969847 -0.124567 0.992144 -0.011560 80.869255 -0.174094 -0.010385 0.984674 -7.431348 0.000000 0.000000 0.000000 1.000000
0.940991 0.258302 0.218670 -18.771996 -0.256058 0.965873 -0.039048 79.944183 -0.221293 -0.019249 0.975017 -7.040670 0.000000 0.000000 0.000000 1.000000
0.890091 0.374912 0.259188 -19.264561 -0.369790 0.926460 -0.070197 78.345039 -0.266445 -0.033363 0.963273 -6.737833 0.000000 0.000000 0.000000 1.000000
0.851945 0.443896 0.277752 -19.525415 -0.437268 0.894916 -0.089006 76.319160 -0.288074 -0.045624 0.956521 -6.699670 0.000000 0.000000 0.000000 1.000000
0.849790 0.454766 0.266541 -19.561075 -0.449186 0.889357 -0.085300 74.282104 -0.275842 -0.047239 0.960042 -7.038985 0.000000 0.000000 0.000000 1.000000
0.878770 0.419436 0.227677 -19.292789 -0.415009 0.907167 -0.069401 72.620735 -0.235650 -0.033500 0.971260 -7.697809 0.000000 0.000000 0.000000 1.000000
0.917849 0.356651 0.174225 -18.627928 -0.351806 0.934211 -0.059015 71.525726 -0.183811 -0.007127 0.982936 -8.507602 0.000000 0.000000 0.000000 1.000000
0.954520 0.271030 0.124236 -17.627823 -0.265602 0.962296 -0.058668 70.954491 -0.135452 0.023003 0.990517 -9.318748 0.000000 0.000000 0.000000 1.000000
0.984988 0.150189 0.085099 -16.595058 -0.145267 0.987487 -0.061375 70.669571 -0.093251 0.048091 0.994480 -10.031607 0.000000 0.000000 0.000000 1.000000
0.998686 -0.004717 0.051034 -15.852167 0.007923 0.997994 -0.062818 70.381485 -0.050635 0.063140 0.996719 -10.561855 0.000000 0.000000 0.000000 1.000000
0.988127 -0.152566 0.018105 -15.442864 0.153432 0.986009 -0.065155 69.941986 -0.007912 0.067160 0.997711 -10.821257 0.000000 0.000000 0.000000 1.000000
0.971220 -0.238118 -0.005572 -15.173773 0.237254 0.969229 -0.065621 69.580627 0.021026 0.062410 0.997829 -10.773158 0.000000 0.000000 0.000000 1.000000
0.969596 -0.244584 -0.007844 -14.936663 0.243824 0.968316 -0.053979 69.718727 0.020798 0.050426 0.998511 -10.469363 0.000000 0.000000 0.000000 1.000000
0.979189 -0.202478 0.013830 -14.793302 0.202796 0.978826 -0.027818 70.625763 -0.007904 0.030044 0.999517 -9.999248 0.000000 0.000000 0.000000 1.000000
0.986835 -0.155547 0.044289 -14.857338 0.155511 0.987825 0.004275 72.399811 -0.044414 0.002669 0.999010 -9.402726 0.000000 0.000000 0.000000 1.000000
0.990603 -0.122667 0.060488 -15.150494 0.120839 0.992123 0.033021 75.093262 -0.064062 -0.025402 0.997623 -8.656303 0.000000 0.000000 0.000000 1.000000
0.994109 -0.094598 0.052901 -15.560780 0.091821 0.994382 0.052671 78.665924 -0.057586 -0.047503 0.997210 -7.739491 0.000000 0.000000 0.000000 1.000000
0.997594 -0.060984 0.032972 -15.988920 0.058873 0.996364 0.061586 82.866440 -0.036608 -0.059497 0.997557 -6.664942 0.000000 0.000000 0.000000 1.000000
0.999456 -0.026018 0.020280 -16.425396 0.024779 0.997941 0.059154 87.160110 -0.021777 -0.058619 0.998043 -5.462371 0.000000 0.000000 0.000000 1.000000
0.999686 0.000780 0.025040 -16.880480 -0.001868 0.999054 0.043454 90.884613 -0.024983 -0.043487 0.998742 -4.177068 0.000000 0.000000 0.000000 1.000000
0.998922 0.017180 0.043131 -17.313936 -0.017931 0.999693 0.017079 93.591354 -0.042824 -0.017834 0.998923 -2.918968 0.000000 0.000000 0.000000 1.000000
0.997557 0.027346 0.064275 -17.668005 -0.026870 0.999605 -0.008255 95.225174 -0.064475 0.006508 0.997898 -1.880552 0.000000 0.000000 0.000000 1.000000
0.996122 0.034010 0.081138 -17.930202 -0.032726 0.999318 -0.017102 96.022926 -0.081664 0.014380 0.996556 -1.254292 0.000000 0.000000 0.000000 1.000000
0.995146 0.036186 0.091511 -18.134275 -0.036148 0.999344 -0.002073 96.316147 -0.091526 -0.001245 0.995802 -1.075856 0.000000 0.000000 0.000000 1.000000
0.994816 0.033714 0.095938 -18.307383 -0.036571 0.998934 0.028169 96.458603 -0.094886 -0.031532 0.994989 -1.148029 0.000000 0.000000 0.000000 1.000000
0.994958 0.029670 0.095803 -18.448479 -0.034894 0.997967 0.053324 96.761749 -0.094026 -0.056398 0.993971 -1.161786 0.000000 0.000000 0.000000 1.000000
0.995277 0.027636 0.093063 -18.558128 -0.032966 0.997873 0.056235 97.338249 -0.091311 -0.059037 0.994071 -0.942688 0.000000 0.000000 0.000000 1.000000
0.995493 0.028880 0.090326 -18.664103 -0.032184 0.998857 0.035333 97.952812 -0.089202 -0.038081 0.995285 -0.591859 0.000000 0.000000 0.000000 1.000000
0.995295 0.034160 0.090671 -18.790232 -0.034773 0.999382 0.005189 98.135887 -0.090438 -0.008318 0.995867 -0.381080 0.000000 0.000000 0.000000 1.000000
0.994305 0.045467 0.096381 -18.917683 -0.044417 0.998928 -0.013009 97.585258 -0.096869 0.008654 0.995259 -0.507106 0.000000 0.000000 0.000000 1.000000
0.992374 0.062778 0.106080 -18.997715 -0.062655 0.998025 -0.004488 96.477760 -0.106152 -0.002193 0.994347 -0.929591 0.000000 0.000000 0.000000 1.000000
0.990376 0.079772 0.113103 -19.003445 -0.083493 0.996099 0.028544 95.426796 -0.110385 -0.037712 0.993173 -1.410419 0.000000 0.000000 0.000000 1.000000
0.990218 0.086366 0.109588 -18.951061 -0.093926 0.993402 0.065803 95.068237 -0.103182 -0.075453 0.991797 -1.686056 0.000000 0.000000 0.000000 1.000000
0.992427 0.077995 0.094901 -18.861334 -0.085855 0.992947 0.081762 95.624367 -0.087855 -0.089290 0.992123 -1.643665 0.000000 0.000000 0.000000 1.000000
0.995007 0.061178 0.078855 -18.718254 -0.066390 0.995658 0.065257 96.732033 -0.074521 -0.070166 0.994748 -1.386784 0.000000 0.000000 0.000000 1.000000
0.996093 0.049237 0.073305 -18.486927 -0.051440 0.998270 0.028483 97.694504 -0.071775 -0.032142 0.996903 -1.147622 0.000000 0.000000 0.000000 1.000000
0.995336 0.052802 0.080730 -18.169895 -0.052631 0.998605 -0.004240 97.955841 -0.080841 -0.000029 0.996727 -1.123785 0.000000 0.000000 0.000000 1.000000
0.992759 0.075264 0.093619 -17.805241 -0.074204 0.997134 -0.014760 97.414528 -0.094462 0.007706 0.995499 -1.372440 0.000000 0.000000 0.000000 1.000000
0.988289 0.112676 0.102905 -17.417492 -0.113329 0.993557 0.000503 96.395844 -0.102185 -0.012159 0.994691 -1.811355 0.000000 0.000000 0.000000 1.000000
0.982599 0.154056 0.103758 -16.997093 -0.158110 0.986903 0.031999 95.449669 -0.097469 -0.047847 0.994088 -2.263257 0.000000 0.000000 0.000000 1.000000
0.978203 0.184462 0.095353 -16.533285 -0.190841 0.979616 0.062706 95.091705 -0.081843 -0.079537 0.993466 -2.513934 0.000000 0.000000 0.000000 1.000000
0.977883 0.193335 0.079796 -16.045490 -0.199375 0.976949 0.076287 95.526459 -0.063207 -0.090509 0.993888 -2.422630 0.000000 0.000000 0.000000 1.000000
0.981084 0.183358 0.062090 -15.546031 -0.187321 0.980113 0.065493 96.507530 -0.048846 -0.075885 0.995919 -2.036780 0.000000 0.000000 0.000000 1.000000
0.984589 0.168198 0.047892 -15.002206 -0.170006 0.984766 0.036537 97.482216 -0.041017 -0.044115 0.998184 -1.596759 0.000000 0.000000 0.000000 1.000000
0.986339 0.159986 0.039252 -14.372488 -0.160333 0.987046 0.005839 97.925652 -0.037809 -0.012053 0.999212 -1.384067 0.000000 0.000000 0.000000 1.000000
0.986368 0.161001 0.034012 -13.655505 -0.160787 0.986949 -0.008959 97.638359 -0.035011 0.003368 0.999381 -1.520982 0.000000 0.000000 0.000000 1.000000
0.985549 0.166796 0.029530 -12.878702 -0.166923 0.985968 0.001846 96.822517 -0.028807 -0.006749 0.999562 -1.887688 0.000000 0.000000 0.000000 1.000000
0.984752 0.172220 0.024570 -12.055879 -0.172998 0.984330 0.034136 95.955017 -0.018306 -0.037866 0.999115 -2.207768 0.000000 0.000000 0.000000 1.000000
0.984876 0.172381 0.017409 -11.178738 -0.173190 0.982322 0.071056 95.531158 -0.004853 -0.072997 0.997320 -2.218282 0.000000 0.000000 0.000000 1.000000
0.986709 0.162414 0.005153 -10.239303 -0.162184 0.982363 0.093055 95.813667 0.010051 -0.092654 0.995648 -1.820270 0.000000 0.000000 0.000000 1.000000
0.989920 0.141037 -0.012918 -9.233352 -0.139317 0.986120 0.090328 96.697044 0.025479 -0.087618 0.995828 -1.123003 0.000000 0.000000 0.000000 1.000000
0.993112 0.112494 -0.032775 -8.155119 -0.110075 0.991590 0.068066 97.791283 0.040156 -0.063990 0.997142 -0.353738 0.000000 0.000000 0.000000 1.000000
0.995409 0.082207 -0.049011 -7.006654 -0.080204 0.995913 0.041533 98.661919 0.052225 -0.037411 0.997934 0.289986 0.000000 0.000000 0.000000 1.000000
0.996858 0.050323 -0.061171 -5.822423 -0.048843 0.998482 0.025456 98.998512 0.062359 -0.022388 0.997803 0.722721 0.000000 0.000000 0.000000 1.000000
0.997139 0.013322 -0.074406 -4.662812 -0.011423 0.999600 0.025891 98.692047 0.074721 -0.024967 0.996892 0.951143 0.000000 0.000000 0.000000 1.000000
0.995302 -0.028693 -0.092475 -3.595611 0.032408 0.998716 0.038932 97.874290 0.091239 -0.041746 0.994954 1.021755 0.000000 0.000000 0.000000 1.000000
0.991475 -0.068050 -0.111117 -2.657983 0.074529 0.995688 0.055232 96.953995 0.106879 -0.063043 0.992271 1.001739 0.000000 0.000000 0.000000 1.000000
0.987805 -0.098036 -0.120952 -1.869085 0.106624 0.992061 0.066686 96.377426 0.113454 -0.078769 0.990416 0.961259 0.000000 0.000000 0.000000 1.000000
0.986203 -0.117862 -0.116244 -1.217061 0.126525 0.989478 0.070175 96.371506 0.106750 -0.083915 0.990738 0.949876 0.000000 0.000000 0.000000 1.000000
0.986463 -0.130402 -0.099426 -0.700412 0.137426 0.988217 0.067391 96.810349 0.089466 -0.080142 0.992760 0.979660 0.000000 0.000000 0.000000 1.000000
0.987589 -0.136523 -0.077653 -0.386793 0.141492 0.987962 0.062544 97.370110 0.068179 -0.072755 0.995017 1.040433 0.000000 0.000000 0.000000 1.000000
0.989341 -0.134146 -0.056647 -0.373383 0.137448 0.988745 0.059083 97.791832 0.048084 -0.066239 0.996645 1.123450 0.000000 0.000000 0.000000 1.000000
0.991888 -0.121154 -0.038464 -0.714344 0.123262 0.990665 0.058215 97.984505 0.031052 -0.062484 0.997563 1.228357 0.000000 0.000000 0.000000 1.000000</float_array>
        <technique_common>
          <accessor source="#mixamorig_Hips-Matrix-animation-output-transform-array" count="144" stride="16">
            <param type="float4x4"/>
          </accessor>
        </technique_common>
      </source>
      <source id="mixamorig_Hips-Interpolations">
        <Name_array id="mixamorig_Hips-Interpolations-array" count="144">
 LINEAR LINEAR LINEAR LINEAR LINEAR LINEAR LINEAR LINEAR LINEAR LINEAR LINEAR
LINEAR LINEAR LINEAR LINEAR LINEAR LINEAR LINEAR LINEAR LINEAR LINEAR LINEAR LINEAR
LINEAR LINEAR LINEAR LINEAR LINEAR LINEAR LINEAR LINEAR LINEAR LINEAR LINEAR LINEAR
LINEAR LINEAR LINEAR LINEAR LINEAR LINEAR LINEAR LINEAR LINEAR LINEAR LINEAR LINEAR
LINEAR LINEAR LINEAR LINEAR LINEAR LINEAR LINEAR LINEAR LINEAR LINEAR LINEAR LINEAR
LINEAR LINEAR LINEAR LINEAR LINEAR LINEAR LINEAR LINEAR LINEAR LINEAR LINEAR LINEAR
LINEAR LINEAR LINEAR LINEAR LINEAR LINEAR LINEAR LINEAR LINEAR LINEAR LINEAR LINEAR
LINEAR LINEAR LINEAR LINEAR LINEAR LINEAR LINEAR LINEAR LINEAR LINEAR LINEAR LINEAR
LINEAR LINEAR LINEAR LINEAR LINEAR LINEAR LINEAR LINEAR LINEAR LINEAR LINEAR LINEAR
LINEAR LINEAR LINEAR LINEAR LINEAR LINEAR LINEAR LINEAR LINEAR LINEAR LINEAR LINEAR
LINEAR LINEAR LINEAR LINEAR LINEAR LINEAR LINEAR LINEAR LINEAR LINEAR LINEAR LINEAR
LINEAR LINEAR LINEAR LINEAR LINEAR LINEAR LINEAR LINEAR LINEAR LINEAR LINEAR LINEAR
LINEAR</Name_array>
        <technique_common>
          <accessor source="#mixamorig_Hips-Interpolations-array" count="144">
            <param type="name"/>
          </accessor>
        </technique_common>
      </source>
      <sampler id="mixamorig_Hips-Matrix-animation-transform">
        <input semantic="INPUT" source="#mixamorig_Hips-Matrix-animation-input"/>
        <input semantic="OUTPUT" source="#mixamorig_Hips-Matrix-animation-output-transform"/>
        <input semantic="INTERPOLATION" source="#mixamorig_Hips-Interpolations"/>
      </sampler>
      <channel source="#mixamorig_Hips-Matrix-animation-transform" target="mixamorig_Hips/matrix"/>
    </animation>
    <animation id="mixamorig_Spine-anim" name="mixamorig_Spine">
      <source id="mixamorig_Spine-Matrix-animation-input">
        <float_array id="mixamorig_Spine-Matrix-animation-input-array" count="144">

0.000000 0.033333 0.066667 0.100000 0.133333 0.166667 0.200000 0.233333 0.266667 0.300000 0.333333 0.366667 0.400000 0.433333 0.466667 0.500000
0.533333 0.566667 0.600000 0.633333 0.666667 0.700000 0.733333 0.766667 0.800000 0.833333 0.866667 0.900000 0.933333 0.966667 1.000000 1.033333
1.066667 1.100000 1.133333 1.166667 1.200000 1.233333 1.266667 1.300000 1.333333 1.366667 1.400000 1.433333 1.466667 1.500000 1.533333 1.566667
1.600000 1.633333 1.666667 1.700000 1.733333 1.766667 1.800000 1.833333 1.866667 1.900000 1.933333 1.966667 2.000000 2.033333 2.066667 2.100000
2.133333 2.166667 2.200000 2.233333 2.266667 2.300000 2.333333 2.366667 2.400000 2.433333 2.466667 2.500000 2.533333 2.566667 2.600000 2.633333
2.666667 2.700000 2.733333 2.766667 2.800000 2.833333 2.866667 2.900000 2.933333 2.966667 3.000000 3.033333 3.066667 3.100000 3.133333 3.166667
3.200000 3.233333 3.266667 3.300000 3.333333 3.366667 3.400000 3.433333 3.466667 3.500000 3.533333 3.566667 3.600000 3.633333 3.666667 3.700000
3.733333 3.766667 3.800000 3.833333 3.866667 3.900000 3.933333 3.966667 4.000000 4.033333 4.066667 4.100000 4.133333 4.166667 4.200000 4.233333
4.266667 4.300000 4.333333 4.366667 4.400000 4.433333 4.466667 4.500000 4.533333 4.566667 4.600000 4.633333 4.666667 4.700000 4.733333 4.766667</float_array>
        <technique_common>
          <accessor source="#mixamorig_Spine-Matrix-animation-input-array" count="144">
            <param name="TIME" type="float"/>
          </accessor>
        </technique_common>
      </source>
      <source id="mixamorig_Spine-Matrix-animation-output-transform">
        <float_array id="mixamorig_Spine-Matrix-animation-output-transform-array" count="2304">

0.994954 -0.100301 -0.002481 -0.000000 0.100328 0.994822 0.016253 10.182400 0.000837 -0.016420 0.999865 -0.000000 0.000000 0.000000 0.000000 1.000000
0.994728 -0.102315 -0.006860 -0.000000 0.102448 0.994467 0.023253 10.182400 0.004443 -0.023833 0.999706 0.000000 0.000000 0.000000 0.000000 1.000000
0.994955 -0.100020 -0.007809 0.000000 0.100209 0.994528 0.029541 10.182400 0.004811 -0.030174 0.999533 0.000000 0.000000 0.000000 0.000000 1.000000
0.995503 -0.094482 -0.006926 0.000000 0.094670 0.994869 0.035685 10.182400 0.003519 -0.036180 0.999339 0.000000 0.000000 0.000000 0.000000 1.000000
0.995966 -0.089366 -0.008065 0.000000 0.089625 0.995113 0.041436 10.182400 0.004322 -0.041992 0.999109 0.000000 0.000000 0.000000 0.000000 1.000000
0.995838 -0.089865 -0.015177 -0.000000 0.090455 0.994919 0.044202 10.182400 0.011128 -0.045391 0.998907 0.000000 0.000000 0.000000 0.000000 1.000000
0.994854 -0.097442 -0.027774 -0.000000 0.098479 0.994383 0.038794 10.182400 0.023838 -0.041330 0.998861 -0.000000 0.000000 0.000000 0.000000 1.000000
0.993535 -0.106441 -0.039488 0.000000 0.107326 0.994002 0.021016 10.182400 0.037014 -0.025118 0.998999 0.000000 0.000000 0.000000 0.000000 1.000000
0.993255 -0.107814 -0.042664 -0.000000 0.107621 0.994169 -0.006799 10.182400 0.043148 0.002162 0.999066 0.000000 0.000000 0.000000 0.000000 1.000000
0.994690 -0.096761 -0.035064 0.000000 0.095560 0.994828 -0.034437 10.182400 0.038214 0.030904 0.998792 -0.000000 0.000000 0.000000 0.000000 1.000000
0.996753 -0.077393 -0.022229 0.000000 0.076240 0.995897 -0.048747 10.182400 0.025910 0.046894 0.998564 -0.000000 0.000000 0.000000 0.000000 1.000000
0.998137 -0.059640 -0.012887 0.000000 0.059060 0.997394 -0.041428 10.182400 0.015324 0.040590 0.999058 0.000000 0.000000 0.000000 0.000000 1.000000
0.998688 -0.050000 -0.011022 0.000000 0.049829 0.998641 -0.015279 10.182400 0.011771 0.014710 0.999823 0.000000 0.000000 0.000000 0.000000 1.000000
0.998901 -0.045215 -0.012309 -0.000000 0.045410 0.998839 0.016105 10.182400 0.011567 -0.016646 0.999795 0.000000 0.000000 0.000000 0.000000 1.000000
0.999345 -0.035133 -0.008656 0.000000 0.035427 0.998702 0.036584 10.182400 0.007360 -0.036867 0.999293 0.000000 0.000000 0.000000 0.000000 1.000000
0.999892 -0.014350 0.003101 0.000000 0.014226 0.999220 0.036830 10.182400 -0.003627 -0.036782 0.999317 0.000000 0.000000 0.000000 0.000000 1.000000
0.999803 0.010112 0.017053 0.000000 -0.010434 0.999766 0.018928 10.182400 -0.016857 -0.019103 0.999675 0.000000 0.000000 0.000000 0.000000 1.000000
0.999476 0.022941 0.022847 0.000000 -0.022843 0.999729 -0.004564 10.182400 -0.022946 0.004039 0.999729 -0.000000 0.000000 0.000000 0.000000 1.000000
0.999804 0.013300 0.014672 0.000000 -0.013032 0.999750 -0.018196 10.182400 -0.014910 0.018001 0.999727 0.000000 0.000000 0.000000 0.000000 1.000000
0.999846 -0.017091 -0.003876 -0.000000 0.017037 0.999765 -0.013401 10.182400 0.004104 0.013333 0.999903 -0.000000 0.000000 0.000000 0.000000 1.000000
0.998277 -0.054293 -0.022275 0.000000 0.054468 0.998489 0.007296 10.182400 0.021845 -0.008497 0.999725 0.000000 0.000000 0.000000 0.000000 1.000000
0.996315 -0.079996 -0.030929 0.000000 0.080973 0.996211 0.031722 10.182400 0.028275 -0.034109 0.999018 0.000000 0.000000 0.000000 0.000000 1.000000
0.996169 -0.082875 -0.027917 0.000000 0.084011 0.995566 0.042321 10.182400 0.024286 -0.044504 0.998714 -0.000000 0.000000 0.000000 0.000000 1.000000
0.997737 -0.064563 -0.018752 -0.000000 0.065029 0.997560 0.025400 10.182400 0.017066 -0.026562 0.999501 0.000000 0.000000 0.000000 0.000000 1.000000
0.999243 -0.037374 -0.010794 0.000000 0.037192 0.999170 -0.016605 10.182400 0.011406 0.016191 0.999804 0.000000 0.000000 0.000000 0.000000 1.000000
0.999832 -0.016332 -0.008340 0.000000 0.015788 0.997976 -0.061594 10.182400 0.009329 0.061452 0.998066 0.000000 0.000000 0.000000 0.000000 1.000000
0.999875 -0.010487 -0.011866 0.000000 0.009495 0.996687 -0.080780 10.182400 0.012674 0.080657 0.996661 0.000000 0.000000 0.000000 0.000000 1.000000
0.999645 -0.018004 -0.019663 -0.000000 0.016800 0.998072 -0.059755 10.182400 0.020701 0.059404 0.998019 -0.000000 0.000000 0.000000 0.000000 1.000000
0.999131 -0.029754 -0.029182 0.000000 0.029455 0.999510 -0.010614 10.182400 0.029483 0.009746 0.999518 0.000000 0.000000 0.000000 0.000000 1.000000
0.998487 -0.039552 -0.038200 -0.000000 0.040881 0.998562 0.034676 10.182400 0.036774 -0.036185 0.998668 0.000000 0.000000 0.000000 0.000000 1.000000
0.997628 -0.050885 -0.046366 0.000000 0.052997 0.997556 0.045528 10.182400 0.043936 -0.047878 0.997886 0.000000 0.000000 0.000000 0.000000 1.000000
0.995886 -0.071831 -0.055238 0.000000 0.072592 0.997291 0.011881 10.182400 0.054235 -0.015842 0.998403 0.000000 0.000000 0.000000 0.000000 1.000000
0.992723 -0.101161 -0.065320 0.000000 0.097883 0.993861 -0.051572 10.182400 0.070136 0.044803 0.996531 -0.000000 0.000000 0.000000 0.000000 1.000000
0.989387 -0.125218 -0.073708 -0.000000 0.116247 0.986484 -0.115482 10.182400 0.087172 0.105688 0.990571 0.000000 0.000000 0.000000 0.000000 1.000000
0.988659 -0.129453 -0.076129 -0.000000 0.116759 0.981386 -0.152477 10.182400 0.094451 0.141859 0.985371 0.000000 0.000000 0.000000 0.000000 1.000000
0.990996 -0.113004 -0.071814 0.000000 0.101257 0.983452 -0.150228 10.182400 0.087602 0.141604 0.986040 0.000000 0.000000 0.000000 0.000000 1.000000
0.993694 -0.090768 -0.065829 0.000000 0.082853 0.989979 -0.114353 10.182400 0.075549 0.108178 0.991257 0.000000 0.000000 0.000000 0.000000 1.000000
0.994584 -0.080878 -0.065275 0.000000 0.076724 0.995008 -0.063818 10.182400 0.070110 0.058464 0.995825 -0.000000 0.000000 0.000000 0.000000 1.000000
0.993234 -0.090752 -0.072460 0.000000 0.089256 0.995728 -0.023639 10.182400 0.074296 0.017012 0.997091 0.000000 0.000000 0.000000 0.000000 1.000000
0.990007 -0.114127 -0.082827 0.000000 0.113309 0.993454 -0.014527 10.182400 0.083943 0.004997 0.996458 -0.000000 0.000000 0.000000 0.000000 1.000000
0.986226 -0.139124 -0.089460 0.000000 0.135851 0.989851 -0.041715 10.182400 0.094356 0.028987 0.995116 0.000000 0.000000 0.000000 0.000000 1.000000
0.983691 -0.156523 -0.088613 0.000000 0.148496 0.984723 -0.090935 10.182400 0.101493 0.076293 0.991907 0.000000 0.000000 0.000000 0.000000 1.000000
0.983237 -0.163224 -0.081259 0.000000 0.151274 0.979062 -0.136209 10.182400 0.101790 0.121633 0.987342 0.000000 0.000000 0.000000 0.000000 1.000000
0.984466 -0.160416 -0.071369 0.000000 0.147917 0.976763 -0.155093 10.182400 0.094590 0.142127 0.985318 0.000000 0.000000 0.000000 0.000000 1.000000
0.986604 -0.150252 -0.063535 0.000000 0.140220 0.980113 -0.140418 10.182400 0.083370 0.129628 0.988052 0.000000 0.000000 0.000000 0.000000 1.000000
0.989196 -0.133579 -0.060391 0.000000 0.127096 0.986757 -0.100787 10.182400 0.073054 0.092023 0.993073 -0.000000 0.000000 0.000000 0.000000 1.000000
0.992023 -0.110689 -0.060314 0.000000 0.107589 0.992812 -0.052433 10.182400 0.065684 0.045526 0.996801 -0.000000 0.000000 0.000000 0.000000 1.000000
0.994827 -0.083590 -0.057715 0.000000 0.083104 0.996483 -0.010778 10.182400 0.058413 0.005926 0.998275 0.000000 0.000000 0.000000 0.000000 1.000000
0.997313 -0.055688 -0.047592 0.000000 0.056368 0.998325 0.013068 10.182400 0.046785 -0.015716 0.998781 -0.000000 0.000000 0.000000 0.000000 1.000000
0.999027 -0.030912 -0.031463 -0.000000 0.031349 0.999417 0.013493 10.182400 0.031027 -0.014466 0.999414 0.000000 0.000000 0.000000 0.000000 1.000000
0.999772 -0.012009 -0.017664 -0.000000 0.011892 0.999907 -0.006718 10.182400 0.017743 0.006506 0.999821 0.000000 0.000000 0.000000 0.000000 1.000000
0.999901 -0.000286 -0.014078 -0.000000 -0.000208 0.999385 -0.035076 10.182400 0.014079 0.035076 0.999285 0.000000 0.000000 0.000000 0.000000 1.000000
0.999783 0.001740 -0.020769 0.000000 -0.002873 0.998501 -0.054657 10.182400 0.020643 0.054705 0.998289 -0.000000 0.000000 0.000000 0.000000 1.000000
0.999494 -0.008395 -0.030665 -0.000000 0.006746 0.998547 -0.053459 10.182400 0.031069 0.053225 0.998099 -0.000000 0.000000 0.000000 0.000000 1.000000
0.998897 -0.029064 -0.036871 0.000000 0.027948 0.999146 -0.030437 10.182400 0.037724 0.029373 0.998856 0.000000 0.000000 0.000000 0.000000 1.000000
0.998069 -0.050104 -0.036711 0.000000 0.050318 0.998721 0.004929 10.182400 0.036417 -0.006767 0.999314 0.000000 0.000000 0.000000 0.000000 1.000000
0.998068 -0.055127 -0.028647 -0.000000 0.056163 0.997747 0.036697 10.182400 0.026560 -0.038235 0.998916 -0.000000 0.000000 0.000000 0.000000 1.000000
0.999425 -0.032451 -0.009857 0.000000 0.032886 0.998321 0.047687 10.182400 0.008293 -0.047984 0.998814 0.000000 0.000000 0.000000 0.000000 1.000000
0.999751 0.012674 0.018369 -0.000000 -0.013153 0.999571 0.026186 10.182400 -0.018029 -0.026421 0.999488 0.000000 0.000000 0.000000 0.000000 1.000000
0.997420 0.056861 0.043816 -0.000000 -0.055838 0.998146 -0.024233 10.182400 -0.045113 0.021724 0.998746 -0.000000 0.000000 0.000000 0.000000 1.000000
0.996135 0.073552 0.048013 0.000000 -0.069525 0.994308 -0.080736 10.182400 -0.053678 0.077086 0.995578 0.000000 0.000000 0.000000 0.000000 1.000000
0.998439 0.051946 0.020498 0.000000 -0.049202 0.991900 -0.117101 10.182400 -0.026415 0.115909 0.992908 0.000000 0.000000 0.000000 0.000000 1.000000
0.999494 0.002030 -0.031746 0.000000 -0.005947 0.992291 -0.123788 10.182400 0.031250 0.123914 0.991801 -0.000000 0.000000 0.000000 0.000000 1.000000
0.994569 -0.054288 -0.088803 -0.000000 0.044422 0.992991 -0.109527 10.182400 0.094127 0.104988 0.990009 0.000000 0.000000 0.000000 0.000000 1.000000
0.985108 -0.108140 -0.133668 0.000000 0.096188 0.991021 -0.092871 10.182400 0.142511 0.078631 0.986665 0.000000 0.000000 0.000000 0.000000 1.000000
0.973526 -0.163287 -0.159950 0.000000 0.149577 0.984235 -0.094379 10.182400 0.172839 0.067955 0.982603 0.000000 0.000000 0.000000 0.000000 1.000000
0.962342 -0.214173 -0.167414 0.000000 0.194817 0.972875 -0.124739 10.182400 0.189588 0.087427 0.977964 -0.000000 0.000000 0.000000 0.000000 1.000000
0.957338 -0.241988 -0.157941 0.000000 0.213673 0.960760 -0.176874 10.182400 0.194544 0.135580 0.971479 0.000000 0.000000 0.000000 0.000000 1.000000
0.963641 -0.230041 -0.135935 0.000000 0.195109 0.953371 -0.230251 10.182400 0.182563 0.195357 0.963590 -0.000000 0.000000 0.000000 0.000000 1.000000
0.977598 -0.180308 -0.108587 0.000000 0.146648 0.953555 -0.263111 10.182400 0.150985 0.241293 0.958635 0.000000 0.000000 0.000000 0.000000 1.000000
0.990309 -0.111653 -0.082596 0.000000 0.086417 0.960947 -0.262892 10.182400 0.108724 0.253207 0.961283 0.000000 0.000000 0.000000 0.000000 1.000000
0.997412 -0.043072 -0.057576 0.000000 0.028504 0.971976 -0.233347 10.182400 0.066014 0.231102 0.970688 0.000000 0.000000 0.000000 0.000000 1.000000
0.999375 0.022659 -0.027129 -0.000000 -0.027539 0.980274 -0.195713 10.182400 0.022159 0.196338 0.980286 -0.000000 0.000000 0.000000 0.000000 1.000000
0.995808 0.090924 0.010000 -0.000000 -0.087686 0.979996 -0.178661 10.182400 -0.026044 0.177035 0.983860 0.000000 0.000000 0.000000 0.000000 1.000000
0.987053 0.154659 0.042514 0.000000 -0.143331 0.969462 -0.198997 10.182400 -0.071992 0.190327 0.979077 0.000000 0.000000 0.000000 0.000000 1.000000
0.979943 0.191034 0.056734 -0.000000 -0.171457 0.953330 -0.248526 10.182400 -0.101563 0.233814 0.966962 0.000000 0.000000 0.000000 0.000000 1.000000
0.981531 0.184271 0.051399 0.000000 -0.160419 0.939180 -0.303654 10.182400 -0.104227 0.289800 0.951395 0.000000 0.000000 0.000000 0.000000 1.000000
0.988932 0.142880 0.039983 -0.000000 -0.120570 0.930961 -0.344636 10.182400 -0.086464 0.336001 0.937884 0.000000 0.000000 0.000000 0.000000 1.000000
0.994951 0.092426 0.039123 -0.000000 -0.072056 0.929156 -0.362597 10.182400 -0.069865 0.357947 0.931125 0.000000 0.000000 0.000000 0.000000 1.000000
0.997346 0.049489 0.053408 0.000000 -0.027065 0.932925 -0.359052 10.182400 -0.067595 0.356653 0.931788 0.000000 0.000000 0.000000 0.000000 1.000000
