<?xml version="1.0" encoding="utf-8"?>
<COLLADA xmlns="http://www.collada.org/2005/11/COLLADASchema" version="1.4.1">
  <asset>
    <contributor>
      <author>Mixamo</author>
      <authoring_tool>COLLADA Mixamo exporter</authoring_tool>
      <comments/>
    </contributor>
    <created>2024-05-03T11:00:05Z</created>
    <modified>2024-05-03T11:00:05Z</modified>
    <revision/>
    <title/>
    <unit meter="0.010000"/>
    <up_axis>Y_UP</up_axis>
  </asset>
  <library_animations>
    <animation id="mixamorig_Hips-anim" name="mixamorig_Hips">
      <source id="mixamorig_Hips-Matrix-animation-input">
        <float_array id="mixamorig_Hips-Matrix-animation-input-array" count="244">

0.000000 0.033333 0.066667 0.100000 0.133333 0.166667 0.200000 0.233333 0.266667 0.300000 0.333333 0.366667 0.400000 0.433333 0.466667 0.500000
0.533333 0.566667 0.600000 0.633333 0.666667 0.700000 0.733333 0.766667 0.800000 0.833333 0.866667 0.900000 0.933333 0.966667 1.000000 1.033333
1.066667 1.100000 1.133333 1.166667 1.200000 1.233333 1.266667 1.300000 1.333333 1.366667 1.400000 1.433333 1.466667 1.500000 1.533333 1.566667
1.600000 1.633333 1.666667 1.700000 1.733333 1.766667 1.800000 1.833333 1.866667 1.900000 1.933333 1.966667 2.000000 2.033333 2.066667 2.100000
2.133333 2.166667 2.200000 2.233333 2.266667 2.300000 2.333333 2.366667 2.400000 2.433333 2.466667 2.500000 2.533333 2.566667 2.600000 2.633333
2.666667 2.700000 2.733333 2.766667 2.800000 2.833333 2.866667 2.900000 2.933333 2.966667 3.000000 3.033333 3.066667 3.100000 3.133333 3.166667
3.200000 3.233333 3.266667 3.300000 3.333333 3.366667 3.400000 3.433333 3.466667 3.500000 3.533333 3.566667 3.600000 3.633333 3.666667 3.700000
3.733333 3.766667 3.800000 3.833333 3.866667 3.900000 3.933333 3.966667 4.000000 4.033333 4.066667 4.100000 4.133333 4.166667 4.200000 4.233333
4.266667 4.300000 4.333333 4.366667 4.400000 4.433333 4.466667 4.500000 4.533333 4.566667 4.600000 4.633333 4.666667 4.700000 4.733333 4.766667
4.800000 4.833333 4.866667 4.900000 4.933333 4.966667 5.000000 5.033333 5.066667 5.100000 5.133333 5.166667 5.200000 5.233333 5.266667 5.300000
5.333333 5.366667 5.400000 5.433333 5.466667 5.500000 5.533333 5.566667 5.600000 5.633333 5.666667 5.700000 5.733333 5.766667 5.800000 5.833333
5.866667 5.900000 5.933333 5.966667 6.000000 6.033333 6.066667 6.100000 6.133333 6.166667 6.200000 6.233333 6.266667 6.300000 6.333333 6.366667
6.400000 6.433333 6.466667 6.500000 6.533333 6.566667 6.600000 6.633333 6.666667 6.700000 6.733333 6.766667 6.800000 6.833333 6.866667 6.900000
6.933333 6.966667 7.000000 7.033333 7.066667 7.100000 7.133333 7.166667 7.200000 7.233333 7.266667 7.300000 7.333333 7.366667 7.400000 7.433333
7.466667 7.500000 7.533333 7.566667 7.600000 7.633333 7.666667 7.700000 7.733333 7.766667 7.800000 7.833333 7.866667 7.900000 7.933333 7.966667
8.000000 8.033333 8.066667 8.100000</float_array>
        <technique_common>
          <accessor source="#mixamorig_Hips-Matrix-animation-input-array" count="244">
            <param name="TIME" type="float"/>
          </accessor>
        </technique_common>
      </source>
      <source id="mixamorig_Hips-Matrix-animation-output-transform">
        <float_array id="mixamorig_Hips-Matrix-animation-output-transform-array" count="3904">

0.990519 -0.047724 0.128820 -21.646784 0.119188 0.764832 -0.633108 91.641449 -0.068311 0.642459 0.763269 1.715255 0.000000 0.000000 0.000000 1.000000
0.989860 -0.055769 0.130642 -20.345205 0.125640 0.772833 -0.622048 89.092812 -0.066274 0.632154 0.772003 -0.023325 0.000000 0.000000 0.000000 1.000000
0.989418 -0.063303 0.130555 -19.064276 0.130561 0.780947 -0.610799 86.566360 -0.063291 0.621381 0.780948 -1.726746 0.000000 0.000000 0.000000 1.000000
0.989786 -0.070279 0.124034 -17.889696 0.131143 0.790035 -0.598871 84.236008 -0.055903 0.609020 0.791182 -3.294351 0.000000 0.000000 0.000000 1.000000
0.992693 -0.075747 0.093928 -17.129850 0.116573 0.803040 -0.584412 82.726715 -0.031160 0.591091 0.806003 -4.375346 0.000000 0.000000 0.000000 1.000000
0.995766 -0.069011 0.060731 -16.760469 0.091330 0.817907 -0.568056 82.301765 -0.010470 0.571197 0.820746 -4.776209 0.000000 0.000000 0.000000 1.000000
0.997661 -0.052603 0.043656 -16.637617 0.067996 0.829401 -0.554500 82.632935 -0.007040 0.556172 0.831038 -4.676298 0.000000 0.000000 0.000000 1.000000
0.998710 -0.033257 0.038370 -16.806116 0.048838 0.835970 -0.546598 83.603889 -0.013898 0.547767 0.836515 -4.274617 0.000000 0.000000 0.000000 1.000000
0.999130 -0.013010 0.039623 -17.224113 0.032484 0.838617 -0.543752 84.962944 -0.026154 0.544566 0.838310 -3.821843 0.000000 0.000000 0.000000 1.000000
0.999021 0.009549 0.043204 -17.714708 0.015476 0.839356 -0.543362 86.410355 -0.041452 0.543499 0.838386 -3.433156 0.000000 0.000000 0.000000 1.000000
0.998404 0.034177 0.044954 -18.089752 -0.004350 0.840243 -0.542193 87.818756 -0.056303 0.541132 0.839051 -3.027145 0.000000 0.000000 0.000000 1.000000
0.997531 0.056671 0.041469 -18.322060 -0.025633 0.843633 -0.536309 89.226929 -0.065377 0.533922 0.843003 -2.444494 0.000000 0.000000 0.000000 1.000000
0.996881 0.072584 0.030977 -18.479883 -0.045749 0.851351 -0.522599 90.694901 -0.064304 0.519551 0.852016 -1.692529 0.000000 0.000000 0.000000 1.000000
0.996549 0.082088 0.012290 -18.527384 -0.064844 0.862373 -0.502104 92.311264 -0.051815 0.499575 0.864720 -0.986379 0.000000 0.000000 0.000000 1.000000
0.995918 0.088930 -0.015423 -18.470617 -0.085363 0.872539 -0.481030 94.037254 -0.029321 0.480383 0.876568 -0.493105 0.000000 0.000000 0.000000 1.000000
0.994245 0.094717 -0.050063 -18.462816 -0.107133 0.877576 -0.467314 95.654037 -0.000328 0.469988 0.882673 -0.153491 0.000000 0.000000 0.000000 1.000000
0.991721 0.096468 -0.084755 -18.698215 -0.125021 0.876015 -0.465799 96.858093 0.029312 0.472538 0.880822 0.207297 0.000000 0.000000 0.000000 1.000000
0.989885 0.089546 -0.110046 -19.249908 -0.131590 0.869431 -0.476209 97.444160 0.053034 0.485872 0.872419 0.642354 0.000000 0.000000 0.000000 1.000000
0.990083 0.072767 -0.120171 -20.180178 -0.123247 0.860452 -0.494401 97.325211 0.067425 0.504309 0.860887 1.042510 0.000000 0.000000 0.000000 1.000000
0.991994 0.048306 -0.116681 -21.500244 -0.102018 0.851116 -0.514970 96.531586 0.074432 0.522750 0.849230 1.270171 0.000000 0.000000 0.000000 1.000000
0.994077 0.019460 -0.106917 -23.137518 -0.073862 0.842646 -0.533378 95.223717 0.079714 0.538116 0.839093 1.200669 0.000000 0.000000 0.000000 1.000000
0.995115 -0.009897 -0.098223 -24.940538 -0.045673 0.835922 -0.546945 93.538353 0.087520 0.548759 0.831387 0.698266 0.000000 0.000000 0.000000 1.000000
0.995128 -0.034386 -0.092406 -26.680717 -0.022784 0.831647 -0.554837 91.451340 0.095928 0.554239 0.826812 -0.336281 0.000000 0.000000 0.000000 1.000000
0.995133 -0.048347 -0.085863 -28.087208 -0.007778 0.830106 -0.557551 89.057968 0.098231 0.555506 0.825690 -1.866230 0.000000 0.000000 0.000000 1.000000
0.995863 -0.051039 -0.075175 -29.013277 0.000661 0.831382 -0.555700 86.488617 0.090862 0.553352 0.827977 -3.681124 0.000000 0.000000 0.000000 1.000000
0.996824 -0.045976 -0.065027 -29.549629 0.002822 0.836406 -0.548103 84.011879 0.079589 0.546179 0.833879 -5.531953 0.000000 0.000000 0.000000 1.000000
0.997016 -0.036026 -0.068276 -30.060074 -0.005829 0.846767 -0.531932 81.939819 0.076977 0.530742 0.844030 -7.174508 0.000000 0.000000 0.000000 1.000000
0.995126 -0.024382 -0.095547 -30.746965 -0.027570 0.861509 -0.506993 80.566177 0.094676 0.507156 0.856638 -8.373686 0.000000 0.000000 0.000000 1.000000
0.989881 -0.017878 -0.140771 -31.242285 -0.052491 0.875532 -0.480299 80.055252 0.131836 0.482828 0.865734 -9.064875 0.000000 0.000000 0.000000 1.000000
0.983245 -0.022963 -0.180838 -31.224949 -0.064608 0.883736 -0.463504 80.331665 0.170456 0.467421 0.867446 -9.378796 0.000000 0.000000 0.000000 1.000000
0.979048 -0.041285 -0.199399 -30.940475 -0.057027 0.884455 -0.463128 81.178505 0.195479 0.464796 0.863570 -9.458342 0.000000 0.000000 0.000000 1.000000
0.976851 -0.070286 -0.202046 -30.767433 -0.035100 0.879021 -0.475489 82.386185 0.211023 0.471574 0.856205 -9.287508 0.000000 0.000000 0.000000 1.000000
0.973918 -0.102636 -0.202359 -30.725525 -0.010605 0.870278 -0.492446 83.836456 0.226652 0.481749 0.846491 -8.776800 0.000000 0.000000 0.000000 1.000000
0.970305 -0.128496 -0.204933 -30.590879 0.006848 0.861484 -0.507738 85.471085 0.241789 0.491257 0.836782 -7.914436 0.000000 0.000000 0.000000 1.000000
0.968011 -0.144391 -0.205196 -30.279226 0.018049 0.855773 -0.517036 87.284294 0.250257 0.496793 0.831004 -6.848756 0.000000 0.000000 0.000000 1.000000
0.968135 -0.156147 -0.195789 -29.910110 0.032812 0.854164 -0.518967 89.349297 0.248271 0.496005 0.832070 -5.867937 0.000000 0.000000 0.000000 1.000000
0.970787 -0.170765 -0.168556 -29.489019 0.059581 0.852049 -0.520061 91.569847 0.232426 0.494826 0.837332 -5.195727 0.000000 0.000000 0.000000 1.000000
0.975205 -0.186637 -0.118922 -28.834654 0.096122 0.841252 -0.532029 93.464386 0.199340 0.507406 0.838333 -4.788862 0.000000 0.000000 0.000000 1.000000
0.979664 -0.192965 -0.054989 -27.928596 0.130088 0.819492 -0.558130 94.570511 0.152762 0.539627 0.827929 -4.511203 0.000000 0.000000 0.000000 1.000000
0.983333 -0.181738 0.005285 -26.884371 0.150083 0.794960 -0.587804 94.909912 0.102625 0.578800 0.808986 -4.384438 0.000000 0.000000 0.000000 1.000000
0.986257 -0.156652 0.052502 -25.767658 0.155963 0.777900 -0.608726 94.574318 0.054517 0.608549 0.791641 -4.482177 0.000000 0.000000 0.000000 1.000000
0.987618 -0.125910 0.093579 -24.404625 0.156772 0.770358 -0.618038 93.592979 0.005728 0.625056 0.780559 -4.832225 0.000000 0.000000 0.000000 1.000000
0.985924 -0.095192 0.137450 -22.716785 0.160593 0.767906 -0.620105 92.002670 -0.046519 0.633450 0.772384 -5.454833 0.000000 0.000000 0.000000 1.000000
0.981177 -0.070316 0.179855 -20.999823 0.168309 0.768011 -0.617925 89.883293 -0.094681 0.636564 0.765390 -6.462211 0.000000 0.000000 0.000000 1.000000
0.976410 -0.059477 0.207573 -19.693769 0.176582 0.773204 -0.609076 87.405899 -0.124270 0.631362 0.765467 -8.033336 0.000000 0.000000 0.000000 1.000000
0.974803 -0.067863 0.212495 -18.938080 0.183298 0.786575 -0.589663 84.777328 -0.127127 0.613755 0.779194 -10.179258 0.000000 0.000000 0.000000 1.000000
0.976162 -0.092448 0.196370 -18.518387 0.189180 0.805898 -0.561017 82.219704 -0.106390 0.584793 0.804176 -12.539131 0.000000 0.000000 0.000000 1.000000
0.978582 -0.120583 0.166846 -18.023865 0.192316 0.824613 -0.532003 80.101288 -0.073433 0.552696 0.830142 -14.569832 0.000000 0.000000 0.000000 1.000000
0.981005 -0.139046 0.135259 -17.383194 0.189342 0.837959 -0.511835 78.851913 -0.042173 0.527723 0.848369 -15.907002 0.000000 0.000000 0.000000 1.000000
0.983540 -0.143841 0.109353 -16.866798 0.179530 0.846367 -0.501431 78.677200 -0.020426 0.512809 0.858260 -16.548723 0.000000 0.000000 0.000000 1.000000
0.986150 -0.138942 0.090576 -16.639511 0.165636 0.853247 -0.494505 79.489136 -0.008576 0.502658 0.864443 -16.746370 0.000000 0.000000 0.000000 1.000000
0.988584 -0.128337 0.078943 -16.622194 0.150566 0.861173 -0.485501 80.983162 -0.005676 0.491844 0.870665 -16.681482 0.000000 0.000000 0.000000 1.000000
0.990911 -0.111811 0.074786 -16.751049 0.133952 0.871066 -0.472548 82.745506 -0.012307 0.478271 0.878126 -16.308266 0.000000 0.000000 0.000000 1.000000
0.993326 -0.087133 0.075568 -17.016455 0.112096 0.883561 -0.454702 84.484329 -0.027149 0.460138 0.887432 -15.602438 0.000000 0.000000 0.000000 1.000000
0.995558 -0.055017 0.076406 -17.307570 0.082797 0.897944 -0.432252 86.126427 -0.044827 0.436658 0.898510 -14.683643 0.000000 0.000000 0.000000 1.000000
0.997026 -0.021160 0.074108 -17.471634 0.049818 0.910623 -0.410225 87.666351 -0.058804 0.412697 0.908968 -13.639048 0.000000 0.000000 0.000000 1.000000
0.997719 0.006902 0.067144 -17.488522 0.020290 0.918086 -0.395861 89.098747 -0.064377 0.396321 0.915852 -12.460136 0.000000 0.000000 0.000000 1.000000
0.998380 0.025717 0.050748 -17.549004 -0.003828 0.920342 -0.391095 90.457245 -0.056764 0.390267 0.918950 -11.169231 0.000000 0.000000 0.000000 1.000000
0.999154 0.037492 0.016896 -17.862764 -0.027854 0.919258 -0.392669 91.799377 -0.030254 0.391866 0.919525 -9.885391 0.000000 0.000000 0.000000 1.000000
0.998328 0.044461 -0.036927 -18.375240 -0.055552 0.914477 -0.400807 93.124405 0.015949 0.402189 0.915418 -8.739549 0.000000 0.000000 0.000000 1.000000
0.993911 0.044143 -0.100961 -19.016941 -0.082929 0.902990 -0.421582 94.212883 0.072557 0.427388 0.901152 -7.785121 0.000000 0.000000 0.000000 1.000000
0.986890 0.032380 -0.158111 -19.946428 -0.102307 0.883199 -0.457703 94.749763 0.124823 0.467879 0.874933 -7.002005 0.000000 0.000000 0.000000 1.000000
0.980287 0.011193 -0.197261 -21.359669 -0.110671 0.858177 -0.501283 94.581818 0.163674 0.513232 0.842499 -6.325396 0.000000 0.000000 0.000000 1.000000
0.975479 -0.011691 -0.219782 -23.237516 -0.111568 0.834515 -0.539572 93.848557 0.189719 0.550862 0.812747 -5.796194 0.000000 0.000000 0.000000 1.000000
0.972100 -0.030622 -0.232559 -25.295666 -0.109642 0.817149 -0.565903 92.726959 0.207365 0.575613 0.790993 -5.661525 0.000000 0.000000 0.000000 1.000000
0.970142 -0.043956 -0.238520 -27.235760 -0.106627 0.806007 -0.582223 91.129066 0.217841 0.590272 0.777254 -6.197366 0.000000 0.000000 0.000000 1.000000
0.970432 -0.050428 -0.236047 -28.712061 -0.102504 0.799270 -0.592165 89.029076 0.218527 0.598852 0.770469 -7.417098 0.000000 0.000000 0.000000 1.000000
0.973140 -0.047894 -0.225175 -29.665529 -0.098242 0.798189 -0.594343 86.608742 0.208198 0.600501 0.772044 -9.028543 0.000000 0.000000 0.000000 1.000000
0.977186 -0.036908 -0.209154 -30.171930 -0.094633 0.805960 -0.584357 84.259880 0.190138 0.590818 0.784080 -10.760569 0.000000 0.000000 0.000000 1.000000
0.981637 -0.022011 -0.189484 -30.284111 -0.090183 0.821756 -0.562658 82.283195 0.168095 0.569415 0.804681 -12.425925 0.000000 0.000000 0.000000 1.000000
0.986324 -0.008482 -0.164600 -30.001017 -0.082483 0.839219 -0.537502 80.850800 0.142695 0.543728 0.827042 -13.715191 0.000000 0.000000 0.000000 1.000000
0.990455 0.001527 -0.137828 -29.478653 -0.073336 0.852500 -0.517557 80.177856 0.116708 0.522725 0.844475 -14.256527 0.000000 0.000000 0.000000 1.000000
0.992564 0.008286 -0.121440 -29.055546 -0.068794 0.861242 -0.503516 80.508339 0.100417 0.508127 0.855408 -13.920557 0.000000 0.000000 0.000000 1.000000
0.991984 0.010120 -0.125960 -28.860006 -0.071266 0.867951 -0.491510 81.807907 0.104353 0.496547 0.861714 -12.960026 0.000000 0.000000 0.000000 1.000000
0.989225 0.001826 -0.146392 -28.720255 -0.073095 0.872538 -0.483048 83.599983 0.126851 0.488544 0.863269 -11.777435 0.000000 0.000000 0.000000 1.000000
0.985864 -0.019552 -0.166400 -28.522959 -0.064567 0.872123 -0.485008 85.340736 0.154604 0.488897 0.858532 -10.613815 0.000000 0.000000 0.000000 1.000000
0.983345 -0.048239 -0.175228 -28.343231 -0.046400 0.865550 -0.498668 86.812012 0.175724 0.498494 0.848896 -9.492777 0.000000 0.000000 0.000000 1.000000
0.981820 -0.073286 -0.175096 -28.228170 -0.027686 0.857302 -0.514068 88.065025 0.187784 0.509570 0.839688 -8.336441 0.000000 0.000000 0.000000 1.000000
0.980812 -0.091226 -0.172295 -28.174692 -0.011546 0.855031 -0.518448 89.315788 0.194614 0.510490 0.837571 -7.085719 0.000000 0.000000 0.000000 1.000000
0.979899 -0.109154 -0.166983 -28.195936 0.009215 0.860904 -0.508684 90.809570 0.199282 0.496920 0.844605 -5.790240 0.000000 0.000000 0.000000 1.000000
0.979260 -0.133218 -0.152651 -28.277290 0.041132 0.868463 -0.494045 92.583389 0.198387 0.477520 0.855931 -4.558677 0.000000 0.000000 0.000000 1.000000
0.979674 -0.158755 -0.122619 -28.366833 0.079955 0.869657 -0.487139 94.357162 0.183972 0.467433 0.864674 -3.459644 0.000000 0.000000 0.000000 1.000000
0.981575 -0.174958 -0.076818 -28.379833 0.114697 0.861027 -0.495457 95.734650 0.152826 0.477517 0.865229 -2.538822 0.000000 0.000000 0.000000 1.000000
0.984134 -0.175799 -0.023971 -28.122208 0.137845 0.842641 -0.520534 96.580101 0.111708 0.508971 0.853505 -1.787893 0.000000 0.000000 0.000000 1.000000
0.986387 -0.162757 0.023482 -27.519600 0.147965 0.816153 -0.558570 96.862106 0.071746 0.554440 0.829125 -1.097473 0.000000 0.000000 0.000000 1.000000
0.988300 -0.140709 0.058849 -26.579945 0.147579 0.784811 -0.601907 96.580139 0.038508 0.603550 0.796395 -0.390963 0.000000 0.000000 0.000000 1.000000
0.990041 -0.113152 0.083756 -25.388203 0.140467 0.754478 -0.641118 95.823738 0.009352 0.646498 0.762859 0.171584 0.000000 0.000000 0.000000 1.000000
0.991222 -0.083345 0.102630 -23.933624 0.130760 0.732640 -0.667938 94.630966 -0.019522 0.675494 0.737107 0.338632 0.000000 0.000000 0.000000 1.000000
0.991486 -0.058433 0.116369 -22.361025 0.122359 0.723798 -0.679076 93.133873 -0.044547 0.687533 0.724785 -0.182125 0.000000 0.000000 0.000000 1.000000
0.991461 -0.048201 0.121169 -20.877834 0.117960 0.727632 -0.675750 91.314392 -0.055595 0.684272 0.727104 -1.409941 0.000000 0.000000 0.000000 1.000000
0.991980 -0.057202 0.112709 -19.815014 0.117846 0.740948 -0.661141 89.133331 -0.045693 0.669121 0.741747 -3.012362 0.000000 0.000000 0.000000 1.000000
0.992838 -0.077211 0.091165 -19.030691 0.117851 0.758105 -0.641395 86.907242 -0.019590 0.647546 0.761775 -4.541096 0.000000 0.000000 0.000000 1.000000
0.993411 -0.094223 0.065249 -18.300314 0.114309 0.773263 -0.623697 85.088638 0.008312 0.627045 0.778938 -5.690034 0.000000 0.000000 0.000000 1.000000
0.993852 -0.100436 0.046585 -17.662010 0.107888 0.784119 -0.611161 83.985008 0.024854 0.612429 0.790135 -6.291209 0.000000 0.000000 0.000000 1.000000
0.994542 -0.096452 0.039783 -17.344934 0.100910 0.792342 -0.601673 83.727890 0.026510 0.602404 0.797751 -6.262292 0.000000 0.000000 0.000000 1.000000
0.995550 -0.084950 0.040785 -17.344770 0.092579 0.800947 -0.591534 84.406113 0.017584 0.592678 0.805248 -5.719689 0.000000 0.000000 0.000000 1.000000
0.996699 -0.067644 0.044893 -17.481228 0.081137 0.810771 -0.579713 85.882042 0.002816 0.581442 0.813583 -4.935288 0.000000 0.000000 0.000000 1.000000
0.997513 -0.047093 0.052441 -17.736477 0.068603 0.819412 -0.569084 87.625710 -0.016170 0.571266 0.820605 -4.132861 0.000000 0.000000 0.000000 1.000000
0.997544 -0.026521 0.064821 -18.055775 0.058487 0.824587 -0.562704 89.144989 -0.038527 0.565113 0.824113 -3.417781 0.000000 0.000000 0.000000 1.000000
0.996888 -0.007852 0.078442 -18.244928 0.050439 0.828228 -0.558117 90.301987 -0.060586 0.560337 0.826046 -2.831842 0.000000 0.000000 0.000000 1.000000
0.996400 0.008807 0.084317 -18.211170 0.038929 0.835989 -0.547364 91.200188 -0.075309 0.548676 0.832636 -2.402373 0.000000 0.000000 0.000000 1.000000
0.997004 0.024229 0.073462 -18.009823 0.017966 0.851177 -0.524572 92.062485 -0.075239 0.524320 0.848191 -2.134300 0.000000 0.000000 0.000000 1.000000
0.998305 0.039800 0.042472 -17.752180 -0.013680 0.869689 -0.493410 93.084770 -0.056575 0.491992 0.868759 -1.973311 0.000000 0.000000 0.000000 1.000000
0.998470 0.055192 -0.003430 -17.598022 -0.050435 0.883471 -0.465762 94.251785 -0.022676 0.465223 0.884903 -1.806070 0.000000 0.000000 0.000000 1.000000
0.996470 0.065668 -0.052307 -17.701740 -0.082263 0.888146 -0.452138 95.337776 0.016765 0.454845 0.890413 -1.512659 0.000000 0.000000 0.000000 1.000000
0.993641 0.064662 -0.092175 -18.169336 -0.099843 0.884434 -0.455860 96.065422 0.052046 0.462164 0.885266 -1.069730 0.000000 0.000000 0.000000 1.000000
0.991931 0.049008 -0.116927 -19.047773 -0.099268 0.873913 -0.475838 96.258041 0.078864 0.483606 0.871726 -0.574214 0.000000 0.000000 0.000000 1.000000
0.991502 0.021859 -0.128241 -20.353348 -0.084399 0.858252 -0.506242 95.851738 0.098997 0.512763 0.852803 -0.146384 0.000000 0.000000 0.000000 1.000000
0.991085 -0.009568 -0.132886 -22.019888 -0.063736 0.841830 -0.535966 94.947891 0.116996 0.539658 0.833715 0.097117 0.000000 0.000000 0.000000 1.000000
0.989825 -0.038598 -0.136954 -23.835680 -0.044710 0.829386 -0.556884 93.749138 0.135083 0.557341 0.819221 -0.006159 0.000000 0.000000 0.000000 1.000000
0.988172 -0.059552 -0.141317 -25.578844 -0.031952 0.821337 -0.569548 92.232841 0.149986 0.567326 0.809719 -0.630103 0.000000 0.000000 0.000000 1.000000
0.987734 -0.066783 -0.141142 -27.031286 -0.027450 0.815577 -0.577997 90.305649 0.153713 0.574782 0.803740 -1.831317 0.000000 0.000000 0.000000 1.000000
0.989713 -0.057435 -0.131032 -28.022833 -0.029944 0.812434 -0.582284 88.039337 0.139898 0.580217 0.802357 -3.499414 0.000000 0.000000 0.000000 1.000000
0.993027 -0.037212 -0.111862 -28.525412 -0.034613 0.815020 -0.578399 85.683212 0.112693 0.578237 0.808048 -5.459190 0.000000 0.000000 0.000000 1.000000
0.995464 -0.017728 -0.093472 -28.665947 -0.038167 0.825541 -0.563050 83.555389 0.087146 0.564064 0.821120 -7.476059 0.000000 0.000000 0.000000 1.000000
0.996036 -0.004544 -0.088840 -28.767462 -0.043966 0.843042 -0.536048 81.971207 0.077332 0.537828 0.839500 -9.163982 0.000000 0.000000 0.000000 1.000000
0.994620 0.005421 -0.103444 -29.150204 -0.056781 0.863762 -0.500691 81.268829 0.086637 0.503871 0.859423 -10.200950 0.000000 0.000000 0.000000 1.000000
0.991725 0.012899 -0.127729 -29.749899 -0.071415 0.882218 -0.465394 81.557274 0.106682 0.470665 0.875839 -10.571985 0.000000 0.000000 0.000000 1.000000
0.989793 0.011704 -0.142031 -30.106043 -0.073951 0.894121 -0.441677 82.509071 0.121824 0.447672 0.885861 -10.503965 0.000000 0.000000 0.000000 1.000000
0.990626 -0.003875 -0.136545 -30.029156 -0.056526 0.898370 -0.435588 83.640709 0.124356 0.439223 0.889730 -10.275179 0.000000 0.000000 0.000000 1.000000
0.991907 -0.030603 -0.123225 -29.902523 -0.027551 0.895518 -0.444172 84.683029 0.123943 0.443972 0.887427 -9.951107 0.000000 0.000000 0.000000 1.000000
0.990860 -0.057716 -0.121927 -30.042892 -0.004810 0.888157 -0.459515 85.658264 0.134812 0.455901 0.879761 -9.394643 0.000000 0.000000 0.000000 1.000000
0.987310 -0.079428 -0.137514 -30.306822 0.005323 0.881998 -0.471222 86.720093 0.158716 0.464511 0.871229 -8.519593 0.000000 0.000000 0.000000 1.000000
0.982534 -0.100154 -0.156832 -30.351143 0.014852 0.882321 -0.470414 88.045944 0.185491 0.459868 0.868398 -7.484017 0.000000 0.000000 0.000000 1.000000
0.978282 -0.124776 -0.165517 -30.034107 0.036049 0.888768 -0.456938 89.713623 0.204122 0.441048 0.873963 -6.492716 0.000000 0.000000 0.000000 1.000000
0.975682 -0.150612 -0.159249 -29.602730 0.066038 0.894761 -0.441635 91.569908 0.209006 0.420378 0.882949 -5.566295 0.000000 0.000000 0.000000 1.000000
0.975312 -0.170349 -0.140530 -29.396185 0.093279 0.894593 -0.437038 93.325172 0.200166 0.413140 0.888397 -4.700460 0.000000 0.000000 0.000000 1.000000
0.977138 -0.180055 -0.113057 -29.306170 0.111892 0.887680 -0.446659 94.833412 0.180781 0.423797 0.887532 -3.965950 0.000000 0.000000 0.000000 1.000000
0.979975 -0.181618 -0.081631 -28.998137 0.123349 0.875533 -0.467148 95.942207 0.156313 0.447724 0.880403 -3.364854 0.000000 0.000000 0.000000 1.000000
0.982537 -0.178498 -0.052538 -28.264158 0.129501 0.858751 -0.495758 96.524605 0.133609 0.480297 0.866870 -2.845117 0.000000 0.000000 0.000000 1.000000
0.984589 -0.172305 -0.029930 -27.137695 0.130465 0.837642 -0.530410 96.507454 0.116463 0.518331 0.847213 -2.383097 0.000000 0.000000 0.000000 1.000000
0.986560 -0.162896 -0.012830 -25.750511 0.127084 0.814277 -0.566394 95.900108 0.102711 0.557151 0.824035 -2.047218 0.000000 0.000000 0.000000 1.000000
0.988773 -0.149415 0.001877 -24.210373 0.120870 0.792364 -0.597954 94.784225 0.087856 0.591468 0.801528 -1.973614 0.000000 0.000000 0.000000 1.000000
0.991065 -0.132649 0.013927 -22.613703 0.112456 0.774897 -0.622004 93.277916 0.071717 0.618012 0.782891 -2.284597 0.000000 0.000000 0.000000 1.000000
0.992952 -0.117104 0.018260 -21.053982 0.101737 0.763143 -0.638170 91.467461 0.060797 0.635530 0.769679 -3.001130 0.000000 0.000000 0.000000 1.000000
0.993999 -0.108919 0.010113 -19.620674 0.089593 0.757603 -0.646537 89.416954 0.062759 0.643563 0.762815 -4.026010 0.000000 0.000000 0.000000 1.000000
0.993932 -0.109621 -0.009059 -18.495626 0.077707 0.758076 -0.647520 87.214981 0.077849 0.642887 0.761995 -5.188200 0.000000 0.000000 0.000000 1.000000
0.993088 -0.112639 -0.032997 -17.691483 0.065111 0.762595 -0.643591 85.176689 0.097657 0.636994 0.764658 -6.260924 0.000000 0.000000 0.000000 1.000000
0.992339 -0.110147 -0.055955 -17.215057 0.049254 0.768077 -0.638460 83.719093 0.113302 0.630813 0.767618 -6.939630 0.000000 0.000000 0.000000 1.000000
0.992010 -0.100463 -0.076313 -17.042274 0.029458 0.772617 -0.634188 83.283905 0.122673 0.626873 0.769404 -7.095252 0.000000 0.000000 0.000000 1.000000
0.991801 -0.086972 -0.093635 -17.123709 0.008500 0.775968 -0.630714 83.935944 0.127512 0.624747 0.770345 -6.855697 0.000000 0.000000 0.000000 1.000000
0.991932 -0.071707 -0.104540 -17.421558 -0.009889 0.778366 -0.627733 85.214455 0.126383 0.623703 0.771377 -6.341656 0.000000 0.000000 0.000000 1.000000
0.993131 -0.052595 -0.104520 -17.834764 -0.024473 0.780152 -0.625112 86.617210 0.114419 0.623376 0.773506 -5.612001 0.000000 0.000000 0.000000 1.000000
0.995461 -0.028564 -0.090779 -18.229612 -0.034402 0.781375 -0.623113 87.946022 0.088731 0.623408 0.776846 -4.786736 0.000000 0.000000 0.000000 1.000000
0.997954 -0.004361 -0.063786 -18.515032 -0.036447 0.780879 -0.623618 89.181679 0.052529 0.624667 0.779123 -3.994470 0.000000 0.000000 0.000000 1.000000
0.999462 0.012469 -0.030332 -18.638878 -0.028755 0.777909 -0.627719 90.292023 0.015769 0.628253 0.777849 -3.261086 0.000000 0.000000 0.000000 1.000000
0.999808 0.019214 -0.003759 -18.572065 -0.017280 0.775786 -0.630760 91.388130 -0.009203 0.630704 0.775969 -2.608548 0.000000 0.000000 0.000000 1.000000
0.999768 0.020999 0.004786 -18.447578 -0.013412 0.780876 -0.624542 92.647629 -0.016852 0.624333 0.780976 -2.071117 0.000000 0.000000 0.000000 1.000000
0.999662 0.025124 -0.006622 -18.408300 -0.023991 0.794687 -0.606545 94.079254 -0.009976 0.606499 0.795022 -1.604499 0.000000 0.000000 0.000000 1.000000
0.999017 0.031203 -0.031487 -18.518507 -0.043725 0.810445 -0.584180 95.434509 0.007290 0.584983 0.811013 -1.121198 0.000000 0.000000 0.000000 1.000000
0.997870 0.032001 -0.056847 -18.855604 -0.058708 0.820468 -0.568670 96.432190 0.028444 0.570796 0.820599 -0.632104 0.000000 0.000000 0.000000 1.000000
0.997279 0.023661 -0.069822 -19.506975 -0.059143 0.822197 -0.566122 96.927528 0.044012 0.568711 0.821359 -0.243181 0.000000 0.000000 0.000000 1.000000
0.997836 0.007754 -0.065294 -20.549316 -0.044001 0.816653 -0.575449 96.863167 0.048861 0.577076 0.815227 -0.023943 0.000000 0.000000 0.000000 1.000000
0.998867 -0.012826 -0.045830 -21.999453 -0.016811 0.805828 -0.591911 96.241783 0.044523 0.592011 0.804699 0.032644 0.000000 0.000000 0.000000 1.000000
0.999242 -0.034764 -0.017525 -23.745350 0.016860 0.792157 -0.610084 95.118790 0.035092 0.609326 0.792143 -0.101415 0.000000 0.000000 0.000000 1.000000
0.998530 -0.052840 0.012068 -25.601471 0.048775 0.778928 -0.625213 93.625572 0.023636 0.624883 0.780361 -0.573192 0.000000 0.000000 0.000000 1.000000
0.997497 -0.061222 0.035371 -27.446129 0.069751 0.770116 -0.634079 91.775398 0.011581 0.634960 0.772459 -1.537768 0.000000 0.000000 0.000000 1.000000
0.997179 -0.057653 0.048074 -29.062456 0.075066 0.769037 -0.634781 89.606308 -0.000373 0.636599 0.771195 -3.006122 0.000000 0.000000 0.000000 1.000000
0.997756 -0.043234 0.051123 -30.287964 0.065749 0.776862 -0.626229 87.315903 -0.012642 0.628185 0.777961 -4.805810 0.000000 0.000000 0.000000 1.000000
0.998657 -0.020519 0.047577 -31.105721 0.045291 0.791710 -0.609215 85.190620 -0.025167 0.610552 0.791576 -6.646132 0.000000 0.000000 0.000000 1.000000
0.999260 0.002865 0.038360 -31.663120 0.020233 0.808985 -0.587481 83.461838 -0.032715 0.587822 0.808328 -8.234598 0.000000 0.000000 0.000000 1.000000
0.999599 0.017123 0.022534 -32.064381 -0.001367 0.824492 -0.565872 82.222664 -0.028268 0.565614 0.824185 -9.388681 0.000000 0.000000 0.000000 1.000000
0.999852 0.016669 0.004240 -32.269444 -0.011632 0.836911 -0.547216 81.637642 -0.012670 0.547086 0.836981 -10.096101 0.000000 0.000000 0.000000 1.000000
0.999960 0.002465 -0.008561 -32.230114 -0.006650 0.845944 -0.533230 81.851044 0.005928 0.533266 0.845927 -10.451632 0.000000 0.000000 0.000000 1.000000
0.999724 -0.019433 -0.013170 -32.074070 0.009560 0.849396 -0.527669 82.718002 0.021441 0.527398 0.849348 -10.521463 0.000000 0.000000 0.000000 1.000000
0.999078 -0.039783 -0.016137 -31.966644 0.025029 0.845146 -0.533949 83.871704 0.034880 0.533052 0.845363 -10.270422 0.000000 0.000000 0.000000 1.000000
0.998277 -0.053109 -0.024935 -31.917019 0.030790 0.835988 -0.547884 85.039696 0.049942 0.546172 0.836183 -9.630505 0.000000 0.000000 0.000000 1.000000
0.997237 -0.063233 -0.038980 -31.793066 0.030874 0.830107 -0.556748 86.278282 0.067563 0.554007 0.829766 -8.619787 0.000000 0.000000 0.000000 1.000000
0.995664 -0.077192 -0.051913 -31.462215 0.036356 0.836576 -0.546643 87.839195 0.085626 0.542386 0.835755 -7.369183 0.000000 0.000000 0.000000 1.000000
0.993754 -0.094983 -0.058583 -31.010181 0.051847 0.857823 -0.511323 89.655441 0.098821 0.505091 0.857390 -5.959204 0.000000 0.000000 0.000000 1.000000
0.992602 -0.107529 -0.056382 -30.653376 0.069920 0.885894 -0.458589 91.392517 0.099261 0.451254 0.886858 -4.371692 0.000000 0.000000 0.000000 1.000000
0.993268 -0.106929 -0.044563 -30.387962 0.080026 0.911501 -0.403438 92.907120 0.083758 0.397156 0.913921 -2.667021 0.000000 0.000000 0.000000 1.000000
0.994977 -0.096697 -0.025894 -30.045750 0.081360 0.931855 -0.353590 94.268944 0.058321 0.349707 0.935042 -0.959884 0.000000 0.000000 0.000000 1.000000
0.996074 -0.088329 -0.005846 -29.575243 0.082191 0.947337 -0.309511 95.534592 0.032877 0.307816 0.950878 0.672334 0.000000 0.000000 0.000000 1.000000
0.996014 -0.088482 0.011296 -29.044086 0.088190 0.957785 -0.273626 96.756477 0.013392 0.273532 0.961770 2.206246 0.000000 0.000000 0.000000 1.000000
0.995260 -0.093986 0.024980 -28.499388 0.097247 0.963283 -0.250257 97.928093 -0.000542 0.251500 0.967857 3.662780 0.000000 0.000000 0.000000 1.000000
0.994395 -0.099044 0.037006 -27.924622 0.105038 0.965399 -0.238690 98.922501 -0.012085 0.241239 0.970391 5.054733 0.000000 0.000000 0.000000 1.000000
0.993725 -0.101031 0.048000 -27.321463 0.109483 0.966439 -0.232397 99.658188 -0.022910 0.236194 0.971436 6.361477 0.000000 0.000000 0.000000 1.000000
0.993280 -0.100945 0.056604 -26.764353 0.111197 0.967998 -0.224977 100.121902 -0.032082 0.229760 0.972718 7.521233 0.000000 0.000000 0.000000 1.000000
0.993030 -0.100512 0.061552 -26.260990 0.111512 0.970329 -0.214537 100.378731 -0.038162 0.219905 0.974774 8.486008 0.000000 0.000000 0.000000 1.000000
0.992919 -0.100335 0.063601 -25.825617 0.111298 0.972884 -0.202753 100.523727 -0.041533 0.208396 0.977162 9.243389 0.000000 0.000000 0.000000 1.000000
0.992818 -0.100379 0.065082 -25.447853 0.111167 0.975100 -0.191891 100.593262 -0.044200 0.197747 0.979256 9.809990 0.000000 0.000000 0.000000 1.000000
0.992628 -0.100552 0.067662 -25.134558 0.111422 0.976772 -0.183035 100.573441 -0.047686 0.189224 0.980775 10.203557 0.000000 0.000000 0.000000 1.000000
0.992356 -0.101053 0.070843 -24.901489 0.112141 0.978027 -0.175750 100.482117 -0.051526 0.182351 0.981882 10.424720 0.000000 0.000000 0.000000 1.000000
0.992126 -0.102019 0.072647 -24.738039 0.113034 0.979181 -0.168608 100.383743 -0.053934 0.175492 0.983002 10.467669 0.000000 0.000000 0.000000 1.000000
0.992045 -0.103533 0.071609 -24.614799 0.113916 0.980412 -0.160669 100.328773 -0.053572 0.167548 0.984407 10.347573 0.000000 0.000000 0.000000 1.000000
0.992044 -0.105761 0.068286 -24.518391 0.115186 0.981433 -0.153365 100.309868 -0.050798 0.160011 0.985807 10.085962 0.000000 0.000000 0.000000 1.000000
0.991971 -0.108334 0.065246 -24.431536 0.117134 0.981559 -0.151069 100.278809 -0.047677 0.157498 0.986368 9.655380 0.000000 0.000000 0.000000 1.000000
0.991818 -0.109596 0.065466 -24.301285 0.118808 0.980067 -0.159230 100.180710 -0.046710 0.165705 0.985069 8.996691 0.000000 0.000000 0.000000 1.000000
0.991777 -0.107246 0.069832 -24.035011 0.118332 0.976298 -0.181215 99.933357 -0.048743 0.187988 0.980961 8.108311 0.000000 0.000000 0.000000 1.000000
0.991955 -0.101396 0.075787 -23.556179 0.115640 0.969376 -0.216652 99.462860 -0.051498 0.223673 0.973303 7.048048 0.000000 0.000000 0.000000 1.000000
0.992422 -0.094818 0.078159 -22.756876 0.112255 0.958295 -0.262810 98.666901 -0.049980 0.269592 0.961677 5.852304 0.000000 0.000000 0.000000 1.000000
0.993275 -0.091018 0.071564 -21.706423 0.109146 0.942325 -0.316404 97.544319 -0.038639 0.322087 0.945921 4.436327 0.000000 0.000000 0.000000 1.000000
0.994569 -0.090553 0.051301 -20.529840 0.103178 0.922456 -0.372060 96.000641 -0.013632 0.375333 0.926790 2.647502 0.000000 0.000000 0.000000 1.000000
0.995724 -0.091372 0.013560 -19.290468 0.088603 0.903227 -0.419916 94.094994 0.026121 0.419322 0.907462 0.423800 0.000000 0.000000 0.000000 1.000000
0.994909 -0.092114 -0.040877 -18.032192 0.064019 0.890958 -0.449551 91.925026 0.077830 0.444645 0.892319 -2.068989 0.000000 0.000000 0.000000 1.000000
0.990291 -0.093290 -0.103056 -16.782536 0.035839 0.887641 -0.459140 89.721931 0.134310 0.450989 0.882366 -4.464142 0.000000 0.000000 0.000000 1.000000
0.982728 -0.095743 -0.158360 -15.610666 0.012967 0.889279 -0.457180 87.724068 0.184598 0.447231 0.875162 -6.422926 0.000000 0.000000 0.000000 1.000000
0.975711 -0.098941 -0.195445 -14.566667 -0.000589 0.891003 -0.453998 86.126785 0.219061 0.443086 0.869303 -7.811870 0.000000 0.000000 0.000000 1.000000
0.971885 -0.100653 -0.212859 -13.766918 -0.007215 0.890869 -0.454203 85.001320 0.235346 0.442968 0.865096 -8.707060 0.000000 0.000000 0.000000 1.000000
0.971362 -0.099180 -0.215914 -13.285560 -0.010530 0.889854 -0.456124 84.386185 0.237370 0.445335 0.863326 -9.280298 0.000000 0.000000 0.000000 1.000000
0.973486 -0.094580 -0.208279 -13.168065 -0.011544 0.889044 -0.457676 84.223122 0.228456 0.447946 0.864380 -9.622142 0.000000 0.000000 0.000000 1.000000
0.978213 -0.087278 -0.188367 -13.403991 -0.009722 0.887082 -0.461510 84.453400 0.207377 0.453287 0.866906 -9.690630 0.000000 0.000000 0.000000 1.000000
0.984820 -0.076312 -0.155903 -13.818636 -0.006347 0.881741 -0.471691 85.092987 0.173461 0.465520 0.867872 -9.422251 0.000000 0.000000 0.000000 1.000000
0.991000 -0.059496 -0.119916 -14.173541 -0.006337 0.873950 -0.485975 86.101303 0.133715 0.482361 0.865707 -8.834255 0.000000 0.000000 0.000000 1.000000
0.994880 -0.035810 -0.094502 -14.355701 -0.015741 0.868792 -0.494927 87.368713 0.099826 0.493880 0.863781 -8.000903 0.000000 0.000000 0.000000 1.000000
0.996205 -0.007245 -0.086739 -14.459830 -0.036347 0.870857 -0.490191 88.809853 0.079088 0.491483 0.867289 -6.962457 0.000000 0.000000 0.000000 1.000000
0.995429 0.021300 -0.093097 -14.669950 -0.063008 0.879025 -0.472594 90.374573 0.071768 0.476300 0.876349 -5.754391 0.000000 0.000000 0.000000 1.000000
0.993373 0.044108 -0.106135 -15.055268 -0.087632 0.888169 -0.451083 92.013901 0.074370 0.457395 0.886148 -4.488972 0.000000 0.000000 0.000000 1.000000
0.990865 0.059268 -0.121136 -15.432117 -0.106602 0.894396 -0.434386 93.784592 0.082598 0.443331 0.892544 -3.354636 0.000000 0.000000 0.000000 1.000000
0.988150 0.069988 -0.136606 -15.717697 -0.122370 0.896468 -0.425877 95.632233 0.092657 0.437547 0.894409 -2.484406 0.000000 0.000000 0.000000 1.000000
0.985296 0.079764 -0.151092 -16.125389 -0.137671 0.894365 -0.425626 97.260376 0.101182 0.440169 0.892196 -1.873182 0.000000 0.000000 0.000000 1.000000
0.982937 0.088590 -0.161205 -16.874706 -0.151063 0.888816 -0.432650 98.359367 0.104954 0.449620 0.887033 -1.453002 0.000000 0.000000 0.000000 1.000000
0.982149 0.094410 -0.162693 -17.980900 -0.158272 0.882169 -0.443540 98.779205 0.101648 0.461372 0.881365 -1.172360 0.000000 0.000000 0.000000 1.000000
0.983573 0.095945 -0.152903 -19.350386 -0.156003 0.877962 -0.452599 98.511620 0.090819 0.469017 0.878507 -1.001073 0.000000 0.000000 0.000000 1.000000
0.986765 0.093995 -0.132136 -20.920166 -0.144817 0.877440 -0.457303 97.646912 0.072957 0.470387 0.879439 -0.989388 0.000000 0.000000 0.000000 1.000000
0.990291 0.092767 -0.103524 -22.658789 -0.130518 0.876782 -0.462837 96.309387 0.047832 0.471856 0.880377 -1.306748 0.000000 0.000000 0.000000 1.000000
0.992441 0.099480 -0.071867 -24.539637 -0.121786 0.870604 -0.476673 94.481918 0.015149 0.481822 0.876138 -2.084247 0.000000 0.000000 0.000000 1.000000
0.992187 0.117863 -0.040911 -26.513447 -0.122530 0.858816 -0.497415 92.078278 -0.023492 0.498542 0.866547 -3.272233 0.000000 0.000000 0.000000 1.000000
0.989878 0.141476 -0.011234 -28.460693 -0.127060 0.848173 -0.514255 89.238411 -0.063226 0.510477 0.857564 -4.673349 0.000000 0.000000 0.000000 1.000000
0.987286 0.157990 0.017500 -30.091972 -0.126139 0.845686 -0.518559 86.548470 -0.096727 0.509759 0.854863 -6.101896 0.000000 0.000000 0.000000 1.000000
0.986063 0.160971 0.042055 -31.367435 -0.117269 0.851768 -0.510626 84.216034 -0.118017 0.498577 0.858774 -7.386934 0.000000 0.000000 0.000000 1.000000
0.986361 0.154631 0.056406 -32.300407 -0.106679 0.861541 -0.496354 82.300682 -0.125348 0.483567 0.866286 -8.364997 0.000000 0.000000 0.000000 1.000000
0.987535 0.146394 0.057826 -32.940529 -0.100908 0.870777 -0.481211 81.028114 -0.120800 0.469378 0.874695 -9.030428 0.000000 0.000000 0.000000 1.000000
0.989409 0.136183 0.050242 -33.434223 -0.097156 0.878464 -0.467827 80.728302 -0.107845 0.457991 0.882391 -9.576767 0.000000 0.000000 0.000000 1.000000
0.992248 0.118361 0.037882 -33.769230 -0.088018 0.884508 -0.458146 81.372696 -0.087734 0.451260 0.888069 -9.995056 0.000000 0.000000 0.000000 1.000000
0.995650 0.090694 0.021352 -33.663036 -0.071096 0.887629 -0.455039 82.538216 -0.060222 0.451541 0.890216 -9.981089 0.000000 0.000000 0.000000 1.000000
0.998326 0.057819 0.001483 -33.081593 -0.050672 0.886704 -0.459552 83.871048 -0.027886 0.458707 0.888150 -9.413737 0.000000 0.000000 0.000000 1.000000
0.999499 0.026561 -0.017222 -32.391712 -0.031532 0.883458 -0.467449 85.338898 0.002798 0.467757 0.883852 -8.417405 0.000000 0.000000 0.000000 1.000000
0.999589 0.000623 -0.028668 -31.857275 -0.014084 0.881530 -0.471917 87.067482 0.024978 0.472127 0.881177 -7.160882 0.000000 0.000000 0.000000 1.000000
0.999382 -0.019503 -0.029242 -31.483946 0.003450 0.882350 -0.470581 88.984955 0.034980 0.470189 0.881872 -5.722268 0.000000 0.000000 0.000000 1.000000
0.999228 -0.033754 -0.020115 -31.253582 0.020479 0.884271 -0.466524 90.779510 0.033535 0.465752 0.884280 -4.158625 0.000000 0.000000 0.000000 1.000000
0.999044 -0.043316 -0.005824 -31.181574 0.035748 0.886520 -0.461307 92.274429 0.025145 0.460658 0.887221 -2.571626 0.000000 0.000000 0.000000 1.000000
0.998626 -0.051503 0.009699 -31.279610 0.050322 0.890614 -0.451968 93.593193 0.014640 0.451835 0.891981 -1.084608 0.000000 0.000000 0.000000 1.000000
0.997681 -0.062046 0.027984 -31.431961 0.068032 0.896242 -0.438318 95.009964 0.002115 0.439205 0.898384 0.183263 0.000000 0.000000 0.000000 1.000000
0.995946 -0.073272 0.052178 -31.493553 0.088606 0.899098 -0.428686 96.430161 -0.015502 0.431572 0.901945 1.234592 0.000000 0.000000 0.000000 1.000000
0.993578 -0.079919 0.080102 -31.294428 0.106913 0.894887 -0.433299 97.568642 -0.037053 0.439080 0.897684 2.156043 0.000000 0.000000 0.000000 1.000000
0.991563 -0.079196 0.102620 -30.722958 0.117532 0.883188 -0.454054 98.216446 -0.054673 0.462284 0.885045 2.997008 0.000000 0.000000 0.000000 1.000000
0.991258 -0.074371 0.108979 -29.774622 0.118281 0.866883 -0.484276 98.301872 -0.058456 0.492932 0.868102 3.757328 0.000000 0.000000 0.000000 1.000000
0.991842 -0.069641 0.106764 -28.566793 0.115182 0.848435 -0.516615 97.906372 -0.054605 0.524698 0.849535 4.257360 0.000000 0.000000 0.000000 1.000000
0.992316 -0.064644 0.105497 -27.040474 0.112444 0.826921 -0.550960 96.947159 -0.051622 0.558589 0.827836 4.273551 0.000000 0.000000 0.000000 1.000000
0.992129 -0.058335 0.110803 -25.254238 0.112564 0.803135 -0.585067 95.475365 -0.054860 0.592934 0.803380 3.745220 0.000000 0.000000 0.000000 1.000000
