<?xml version="1.0" encoding="utf-8"?>
<COLLADA xmlns="http://www.collada.org/2005/11/COLLADASchema" version="1.4.1">
  <asset>
    <contributor>
      <author>Mixamo</author>
      <authoring_tool>COLLADA Mixamo exporter</authoring_tool>
      <comments/>
    </contributor>
    <created>2024-05-03T13:18:07Z</created>
    <modified>2024-05-03T13:18:07Z</modified>
    <revision/>
    <title/>
    <unit meter="0.010000"/>
    <up_axis>Y_UP</up_axis>
  </asset>
  <library_animations>
    <animation id="mixamorig_Hips-anim" name="mixamorig_Hips">
      <source id="mixamorig_Hips-Matrix-animation-input">
        <float_array id="mixamorig_Hips-Matrix-animation-input-array" count="457">

0.000000 0.033333 0.066667 0.100000 0.133333 0.166667 0.200000 0.233333 0.266667 0.300000 0.333333 0.366667 0.400000 0.433333 0.466667 0.500000
0.533333 0.566667 0.600000 0.633333 0.666667 0.700000 0.733333 0.766667 0.800000 0.833333 0.866667 0.900000 0.933333 0.966667 1.000000 1.033333
1.066667 1.100000 1.133333 1.166667 1.200000 1.233333 1.266667 1.300000 1.333333 1.366667 1.400000 1.433333 1.466667 1.500000 1.533333 1.566667
1.600000 1.633333 1.666667 1.700000 1.733333 1.766667 1.800000 1.833333 1.866667 1.900000 1.933333 1.966667 2.000000 2.033333 2.066667 2.100000
2.133333 2.166667 2.200000 2.233333 2.266667 2.300000 2.333333 2.366667 2.400000 2.433333 2.466667 2.500000 2.533333 2.566667 2.600000 2.633333
2.666667 2.700000 2.733333 2.766667 2.800000 2.833333 2.866667 2.900000 2.933333 2.966667 3.000000 3.033333 3.066667 3.100000 3.133333 3.166667
3.200000 3.233333 3.266667 3.300000 3.333333 3.366667 3.400000 3.433333 3.466667 3.500000 3.533333 3.566667 3.600000 3.633333 3.666667 3.700000
3.733333 3.766667 3.800000 3.833333 3.866667 3.900000 3.933333 3.966667 4.000000 4.033333 4.066667 4.100000 4.133333 4.166667 4.200000 4.233333
4.266667 4.300000 4.333333 4.366667 4.400000 4.433333 4.466667 4.500000 4.533333 4.566667 4.600000 4.633333 4.666667 4.700000 4.733333 4.766667
4.800000 4.833333 4.866667 4.900000 4.933333 4.966667 5.000000 5.033333 5.066667 5.100000 5.133333 5.166667 5.200000 5.233333 5.266667 5.300000
5.333333 5.366667 5.400000 5.433333 5.466667 5.500000 5.533333 5.566667 5.600000 5.633333 5.666667 5.700000 5.733333 5.766667 5.800000 5.833333
5.866667 5.900000 5.933333 5.966667 6.000000 6.033333 6.066667 6.100000 6.133333 6.166667 6.200000 6.233333 6.266667 6.300000 6.333333 6.366667
6.400000 6.433333 6.466667 6.500000 6.533333 6.566667 6.600000 6.633333 6.666667 6.700000 6.733333 6.766667 6.800000 6.833333 6.866667 6.900000
6.933333 6.966667 7.000000 7.033333 7.066667 7.100000 7.133333 7.166667 7.200000 7.233333 7.266667 7.300000 7.333333 7.366667 7.400000 7.433333
7.466667 7.500000 7.533333 7.566667 7.600000 7.633333 7.666667 7.700000 7.733333 7.766667 7.800000 7.833333 7.866667 7.900000 7.933333 7.966667
8.000000 8.033333 8.066667 8.100000 8.133333 8.166667 8.200000 8.233333 8.266667 8.300000 8.333333 8.366667 8.400000 8.433333 8.466667 8.500000
8.533333 8.566667 8.600000 8.633333 8.666667 8.700000 8.733333 8.766667 8.800000 8.833333 8.866667 8.900000 8.933333 8.966667 9.000000 9.033333
9.066667 9.100000 9.133333 9.166667 9.200000 9.233333 9.266667 9.300000 9.333333 9.366667 9.400000 9.433333 9.466667 9.500000 9.533333 9.566667
9.600000 9.633333 9.666667 9.700000 9.733333 9.766667 9.800000 9.833333 9.866667 9.900000 9.933333 9.966667 10.000000 10.033333 10.066667 10.100000
10.133333 10.166667 10.200000 10.233333 10.266667 10.300000 10.333333 10.366667 10.400000 10.433333 10.466667 10.500000 10.533333 10.566667 10.600000 10.633333
10.666667 10.700000 10.733333 10.766667 10.800000 10.833333 10.866667 10.900000 10.933333 10.966667 11.000000 11.033333 11.066667 11.100000 11.133333 11.166667
11.200000 11.233333 11.266667 11.300000 11.333333 11.366667 11.400000 11.433333 11.466667 11.500000 11.533333 11.566667 11.600000 11.633333 11.666667 11.700000
11.733333 11.766667 11.800000 11.833333 11.866667 11.900000 11.933333 11.966667 12.000000 12.033333 12.066667 12.100000 12.133333 12.166667 12.200000 12.233333
12.266667 12.300000 12.333333 12.366667 12.400000 12.433333 12.466667 12.500000 12.533333 12.566667 12.600000 12.633333 12.666667 12.700000 12.733333 12.766667
12.800000 12.833333 12.866667 12.900000 12.933333 12.966667 13.000000 13.033333 13.066667 13.100000 13.133333 13.166667 13.200000 13.233333 13.266667 13.300000
13.333333 13.366667 13.400000 13.433333 13.466667 13.500000 13.533333 13.566667 13.600000 13.633333 13.666667 13.700000 13.733333 13.766667 13.800000 13.833333
13.866667 13.900000 13.933333 13.966667 14.000000 14.033333 14.066667 14.100000 14.133333 14.166667 14.200000 14.233333 14.266667 14.300000 14.333333 14.366667
14.400000 14.433333 14.466667 14.500000 14.533333 14.566667 14.600000 14.633333 14.666667 14.700000 14.733333 14.766667 14.800000 14.833333 14.866667 14.900000
14.933333 14.966667 15.000000 15.033333 15.066667 15.100000 15.133333 15.166667 15.200000</float_array>
        <technique_common>
          <accessor source="#mixamorig_Hips-Matrix-animation-input-array" count="457">
            <param name="TIME" type="float"/>
          </accessor>
        </technique_common>
      </source>
      <source id="mixamorig_Hips-Matrix-animation-output-transform">
        <float_array id="mixamorig_Hips-Matrix-animation-output-transform-array" count="7312">

0.995505 0.093452 -0.015407 0.493587 -0.088639 0.976569 0.196102 100.006325 0.033372 -0.193855 0.980462 0.758179 0.000000 0.000000 0.000000 1.000000
0.991728 0.102783 -0.076889 1.025779 -0.090965 0.985393 0.143964 101.038872 0.090563 -0.135779 0.986591 0.786683 0.000000 0.000000 0.000000 1.000000
0.983721 0.109947 -0.142143 1.722158 -0.097450 0.990970 0.092098 101.764954 0.150985 -0.076747 0.985552 0.609732 0.000000 0.000000 0.000000 1.000000
0.971642 0.110401 -0.209100 2.509742 -0.103565 0.993675 0.043399 101.941628 0.212569 -0.020513 0.976931 0.163627 0.000000 0.000000 0.000000 1.000000
0.956320 0.105974 -0.272435 3.392056 -0.108305 0.994096 0.006513 101.600761 0.271517 0.023278 0.962152 -0.517281 0.000000 0.000000 0.000000 1.000000
0.939725 0.108016 -0.324421 4.419312 -0.116086 0.993224 -0.005562 101.038628 0.321622 0.042887 0.945896 -1.310647 0.000000 0.000000 0.000000 1.000000
0.925378 0.119961 -0.359563 5.604532 -0.126784 0.991919 0.004640 100.453354 0.357215 0.041293 0.933109 -1.910577 0.000000 0.000000 0.000000 1.000000
0.916301 0.133839 -0.377464 6.830107 -0.134172 0.990629 0.025545 99.934753 0.377345 0.027238 0.925672 -2.040318 0.000000 0.000000 0.000000 1.000000
0.910576 0.147291 -0.386209 8.048921 -0.135900 0.989093 0.056801 99.501915 0.390363 0.000764 0.920661 -1.764000 0.000000 0.000000 0.000000 1.000000
0.903358 0.162226 -0.397022 9.315708 -0.135333 0.986230 0.095051 98.948189 0.406975 -0.032135 0.912874 -1.214528 0.000000 0.000000 0.000000 1.000000
0.891812 0.177145 -0.416282 10.550700 -0.132191 0.982030 0.134697 98.184708 0.432662 -0.065095 0.899203 -0.522230 0.000000 0.000000 0.000000 1.000000
0.878727 0.192815 -0.436649 11.670372 -0.127885 0.976439 0.173815 97.709946 0.459875 -0.096896 0.882681 0.064674 0.000000 0.000000 0.000000 1.000000
0.873830 0.202173 -0.442207 12.630188 -0.126219 0.972599 0.195246 97.680794 0.469563 -0.114797 0.875404 0.483707 0.000000 0.000000 0.000000 1.000000
0.884917 0.196061 -0.422472 13.377320 -0.126478 0.974153 0.187162 97.810547 0.448247 -0.112189 0.886842 0.749718 0.000000 0.000000 0.000000 1.000000
0.908788 0.182969 -0.375003 13.920753 -0.129238 0.977964 0.163965 98.132133 0.396740 -0.100544 0.912408 0.794984 0.000000 0.000000 0.000000 1.000000
0.936579 0.165194 -0.309079 14.262698 -0.129138 0.982554 0.133832 98.942223 0.325796 -0.085431 0.941573 0.531210 0.000000 0.000000 0.000000 1.000000
0.961915 0.134091 -0.238200 14.344884 -0.117310 0.989592 0.083344 100.056854 0.246897 -0.052227 0.967633 0.161170 0.000000 0.000000 0.000000 1.000000
0.982263 0.095120 -0.161589 14.224949 -0.094015 0.995465 0.014489 100.967674 0.162235 0.000960 0.986752 -0.125719 0.000000 0.000000 0.000000 1.000000
0.995020 0.062584 -0.077574 14.032753 -0.066349 0.996691 -0.046949 101.547852 0.074379 0.051862 0.995881 -0.406191 0.000000 0.000000 0.000000 1.000000
0.999345 0.035752 0.005518 13.833008 -0.035175 0.995963 -0.082589 101.779396 -0.008448 0.082340 0.996568 -0.820857 0.000000 0.000000 0.000000 1.000000
0.996784 0.007882 0.079740 13.575628 -0.000721 0.995992 -0.089435 101.637863 -0.080126 0.089090 0.992795 -1.440199 0.000000 0.000000 0.000000 1.000000
0.990345 -0.022372 0.136809 13.026720 0.032657 0.996767 -0.073405 101.042397 -0.134724 0.077164 0.987874 -2.052814 0.000000 0.000000 0.000000 1.000000
0.983267 -0.054614 0.173790 12.153332 0.062967 0.997092 -0.042915 100.150490 -0.170941 0.053140 0.983847 -2.469403 0.000000 0.000000 0.000000 1.000000
0.976000 -0.087173 0.199563 11.115995 0.090197 0.995905 -0.006093 99.050125 -0.198215 0.023947 0.979866 -2.565730 0.000000 0.000000 0.000000 1.000000
0.967689 -0.107128 0.228256 10.095357 0.101153 0.994154 0.037752 97.678215 -0.230966 -0.013443 0.972869 -2.415548 0.000000 0.000000 0.000000 1.000000
0.959201 -0.111839 0.259666 9.153158 0.089427 0.991296 0.096613 96.148346 -0.268211 -0.069450 0.960854 -2.213837 0.000000 0.000000 0.000000 1.000000
0.951645 -0.111812 0.286130 8.237567 0.065922 0.984040 0.165288 94.879761 -0.300045 -0.138433 0.943827 -1.943562 0.000000 0.000000 0.000000 1.000000
0.944130 -0.115174 0.308793 7.182515 0.043373 0.972222 0.230007 94.043449 -0.326706 -0.203764 0.922900 -1.604969 0.000000 0.000000 0.000000 1.000000
0.937132 -0.114895 0.329519 5.935445 0.018124 0.958997 0.282835 93.564484 -0.348504 -0.259082 0.900789 -1.360134 0.000000 0.000000 0.000000 1.000000
0.932717 -0.103929 0.345308 4.735019 -0.010164 0.949612 0.313264 93.307167 -0.360466 -0.295697 0.884662 -1.269947 0.000000 0.000000 0.000000 1.000000
0.931437 -0.089187 0.352804 3.738199 -0.030461 0.946991 0.319814 93.412094 -0.362625 -0.308633 0.879346 -1.323531 0.000000 0.000000 0.000000 1.000000
0.933159 -0.079779 0.350498 2.837005 -0.037279 0.948324 0.315106 93.940002 -0.357525 -0.307110 0.881963 -1.551639 0.000000 0.000000 0.000000 1.000000
0.940372 -0.066570 0.333570 2.069118 -0.039432 0.952715 0.301296 94.703979 -0.337855 -0.296483 0.893281 -2.111526 0.000000 0.000000 0.000000 1.000000
0.954217 -0.043256 0.295971 1.607922 -0.038665 0.963349 0.265449 95.713181 -0.296606 -0.264739 0.917572 -2.856161 0.000000 0.000000 0.000000 1.000000
0.970351 -0.014446 0.241269 1.536799 -0.036608 0.977912 0.205785 96.960342 -0.238912 -0.208516 0.948389 -3.456342 0.000000 0.000000 0.000000 1.000000
0.984201 0.014434 0.176467 1.813751 -0.038401 0.990349 0.133169 98.269592 -0.172842 -0.137842 0.975256 -3.855625 0.000000 0.000000 0.000000 1.000000
0.993622 0.040267 0.105327 2.272309 -0.046335 0.997366 0.055806 99.426178 -0.102803 -0.060330 0.992871 -4.214823 0.000000 0.000000 0.000000 1.000000
0.997837 0.059543 0.027871 2.795478 -0.058954 0.998029 -0.021508 100.232384 -0.029097 0.019818 0.999380 -4.498983 0.000000 0.000000 0.000000 1.000000
0.996019 0.071499 -0.053229 3.361854 -0.075921 0.993373 -0.086292 100.649193 0.046707 0.089989 0.994847 -4.710069 0.000000 0.000000 0.000000 1.000000
0.988217 0.080915 -0.129925 4.052172 -0.097220 0.987445 -0.124502 100.683495 0.118220 0.135666 0.983676 -4.894772 0.000000 0.000000 0.000000 1.000000
0.975012 0.094854 -0.200883 4.948313 -0.122075 0.984265 -0.127751 100.300156 0.185605 0.149081 0.971250 -5.039188 0.000000 0.000000 0.000000 1.000000
0.956569 0.113075 -0.268683 6.043528 -0.143297 0.985050 -0.095611 99.629898 0.253855 0.129960 0.958472 -5.032275 0.000000 0.000000 0.000000 1.000000
0.932281 0.138170 -0.334308 7.392130 -0.159993 0.986367 -0.038504 98.692513 0.324430 0.089383 0.941677 -4.660714 0.000000 0.000000 0.000000 1.000000
0.898433 0.172484 -0.403817 8.907085 -0.175251 0.984054 0.030415 97.634987 0.402624 0.043444 0.914334 -3.816359 0.000000 0.000000 0.000000 1.000000
0.853028 0.208435 -0.478433 10.459286 -0.181658 0.978036 0.102204 96.601089 0.489227 -0.000272 0.872156 -2.705567 0.000000 0.000000 0.000000 1.000000
0.801490 0.236870 -0.549096 11.881387 -0.171160 0.970660 0.168890 95.940727 0.572990 -0.041381 0.818517 -1.629133 0.000000 0.000000 0.000000 1.000000
0.752296 0.255015 -0.607469 13.058671 -0.150427 0.964179 0.218473 95.631096 0.641423 -0.072977 0.763709 -0.563348 0.000000 0.000000 0.000000 1.000000
0.711661 0.263480 -0.651242 14.055380 -0.123518 0.959492 0.253215 95.645485 0.691579 -0.099762 0.715378 0.418163 0.000000 0.000000 0.000000 1.000000
0.687859 0.270469 -0.673569 15.046082 -0.097082 0.953925 0.283904 96.016670 0.719322 -0.129895 0.682424 1.199012 0.000000 0.000000 0.000000 1.000000
0.690013 0.272838 -0.670404 15.968136 -0.079036 0.949096 0.304911 96.703545 0.719468 -0.157407 0.676453 1.734740 0.000000 0.000000 0.000000 1.000000
0.718808 0.257724 -0.645673 16.645523 -0.069439 0.950718 0.302180 97.597397 0.691732 -0.172375 0.701280 2.002863 0.000000 0.000000 0.000000 1.000000
0.767243 0.224347 -0.600839 17.043524 -0.065588 0.959359 0.274461 98.530342 0.637994 -0.171170 0.750776 2.018597 0.000000 0.000000 0.000000 1.000000
0.823194 0.182262 -0.537711 17.210033 -0.064262 0.970897 0.230714 99.475197 0.564112 -0.155368 0.810949 1.757156 0.000000 0.000000 0.000000 1.000000
0.878247 0.135876 -0.458497 17.209568 -0.060029 0.982525 0.176187 100.467369 0.474425 -0.127212 0.871056 1.296310 0.000000 0.000000 0.000000 1.000000
0.927456 0.088702 -0.363258 17.084555 -0.052766 0.992782 0.107702 101.343910 0.370189 -0.080721 0.925443 0.777941 0.000000 0.000000 0.000000 1.000000
0.965378 0.050703 -0.255880 16.821547 -0.043502 0.998484 0.033729 102.023918 0.257202 -0.021430 0.966120 0.185745 0.000000 0.000000 0.000000 1.000000
0.988757 0.025041 -0.147419 16.315828 -0.028766 0.999317 -0.023192 102.381142 0.146738 0.027172 0.988802 -0.500627 0.000000 0.000000 0.000000 1.000000
0.998755 0.006918 -0.049395 15.644510 -0.009513 0.998576 -0.052491 102.443756 0.048962 0.052896 0.997399 -1.411428 0.000000 0.000000 0.000000 1.000000
0.999434 -0.007942 0.032699 14.722580 0.010020 0.997907 -0.063883 102.058472 -0.032123 0.064174 0.997422 -2.400261 0.000000 0.000000 0.000000 1.000000
0.995368 -0.020740 0.093876 13.371135 0.026434 0.997859 -0.059823 101.254517 -0.092434 0.062027 0.993785 -3.182254 0.000000 0.000000 0.000000 1.000000
0.990939 -0.035568 0.129518 11.626396 0.040564 0.998523 -0.036147 100.324287 -0.128041 0.041073 0.990918 -3.693845 0.000000 0.000000 0.000000 1.000000
0.988539 -0.051670 0.141851 9.716201 0.051458 0.998662 0.005169 99.377525 -0.141928 0.002189 0.989875 -4.098533 0.000000 0.000000 0.000000 1.000000
0.988632 -0.055049 0.139918 7.990150 0.047033 0.997092 0.059969 98.396591 -0.142812 -0.052706 0.988345 -4.346848 0.000000 0.000000 0.000000 1.000000
0.990226 -0.042397 0.132875 6.544816 0.026431 0.992459 0.119697 97.470482 -0.136948 -0.115015 0.983878 -4.281339 0.000000 0.000000 0.000000 1.000000
0.991232 -0.035277 0.127338 5.115287 0.012897 0.984930 0.172470 96.703354 -0.131503 -0.169315 0.976749 -4.020645 0.000000 0.000000 0.000000 1.000000
0.990035 -0.041040 0.134712 3.672960 0.010340 0.975195 0.221108 96.138962 -0.140445 -0.217511 0.965901 -3.810131 0.000000 0.000000 0.000000 1.000000
0.985445 -0.046067 0.163635 2.540944 0.000397 0.963204 0.268772 95.701286 -0.169996 -0.264795 0.949202 -3.768881 0.000000 0.000000 0.000000 1.000000
0.979344 -0.046348 0.196818 1.794310 -0.015262 0.953654 0.300518 95.368225 -0.201625 -0.297314 0.933248 -3.828371 0.000000 0.000000 0.000000 1.000000
0.977986 -0.046905 0.203331 1.192807 -0.018407 0.951220 0.307964 95.340660 -0.207857 -0.304927 0.929416 -3.899582 0.000000 0.000000 0.000000 1.000000
0.982678 -0.048439 0.178880 0.721704 -0.007882 0.953440 0.301480 95.741371 -0.185154 -0.297667 0.936543 -4.035052 0.000000 0.000000 0.000000 1.000000
0.988456 -0.046441 0.144212 0.594642 0.003326 0.958283 0.285803 96.507141 -0.151469 -0.282024 0.947375 -4.251395 0.000000 0.000000 0.000000 1.000000
0.992949 -0.038809 0.112013 0.829341 0.009871 0.968681 0.248112 97.512329 -0.118133 -0.245257 0.962234 -4.393015 0.000000 0.000000 0.000000 1.000000
0.996179 -0.028108 0.082694 1.275097 0.012433 0.982794 0.184284 98.571426 -0.086451 -0.182552 0.979388 -4.463402 0.000000 0.000000 0.000000 1.000000
0.998371 -0.018917 0.053835 1.857163 0.012800 0.993649 0.111793 99.510727 -0.055607 -0.110922 0.992272 -4.662000 0.000000 0.000000 0.000000 1.000000
0.999737 -0.010327 0.020481 2.589617 0.009524 0.999197 0.038911 100.151024 -0.020867 -0.038706 0.999033 -5.060703 0.000000 0.000000 0.000000 1.000000
0.999809 0.000259 -0.019538 3.477635 -0.001050 0.999180 -0.040482 100.296837 0.019512 0.040495 0.998989 -5.542961 0.000000 0.000000 0.000000 1.000000
0.998063 0.011076 -0.061219 4.519936 -0.018241 0.992876 -0.117749 99.853012 0.059479 0.118638 0.991155 -5.994463 0.000000 0.000000 0.000000 1.000000
0.995052 0.019782 -0.097367 5.755968 -0.036279 0.984655 -0.170702 98.921707 0.092496 0.173390 0.980500 -6.383356 0.000000 0.000000 0.000000 1.000000
0.991988 0.029373 -0.122872 7.180221 -0.051804 0.981641 -0.183568 97.567184 0.115224 0.188462 0.975298 -6.801477 0.000000 0.000000 0.000000 1.000000
0.990243 0.035995 -0.134622 8.674438 -0.056870 0.986340 -0.154593 95.746162 0.127219 0.160741 0.978763 -7.192790 0.000000 0.000000 0.000000 1.000000
0.989990 0.038970 -0.135654 10.228499 -0.051930 0.994278 -0.093354 93.599350 0.131239 0.099464 0.986348 -7.195985 0.000000 0.000000 0.000000 1.000000
0.989383 0.041813 -0.139184 11.776151 -0.045170 0.998758 -0.021042 91.521507 0.138131 0.027105 0.990043 -6.604279 0.000000 0.000000 0.000000 1.000000
0.986194 0.051824 -0.157279 13.259289 -0.044628 0.997804 0.048946 89.509544 0.159470 -0.041251 0.986341 -5.598763 0.000000 0.000000 0.000000 1.000000
0.980841 0.061481 -0.184855 14.538909 -0.039169 0.991754 0.122021 87.939514 0.190833 -0.112443 0.975161 -4.537246 0.000000 0.000000 0.000000 1.000000
0.974873 0.067500 -0.212289 15.614945 -0.023324 0.978678 0.204073 87.149918 0.221537 -0.193994 0.955661 -3.634692 0.000000 0.000000 0.000000 1.000000
0.970059 0.075397 -0.230868 16.566420 -0.008224 0.960244 0.279043 87.008545 0.242728 -0.268789 0.932113 -2.898900 0.000000 0.000000 0.000000 1.000000
0.969090 0.081523 -0.232849 17.386370 -0.000412 0.944359 0.328917 87.498634 0.246707 -0.318655 0.915202 -2.298391 0.000000 0.000000 0.000000 1.000000
0.972206 0.085262 -0.218049 18.066799 -0.002596 0.935201 0.354108 88.613991 0.234111 -0.343700 0.909430 -1.829637 0.000000 0.000000 0.000000 1.000000
0.976550 0.093293 -0.194029 18.614649 -0.018883 0.934877 0.354469 90.153603 0.214463 -0.342492 0.914716 -1.600892 0.000000 0.000000 0.000000 1.000000
0.980233 0.100455 -0.170446 18.828642 -0.040319 0.944857 0.324993 91.903717 0.193694 -0.311697 0.930230 -1.686639 0.000000 0.000000 0.000000 1.000000
0.984823 0.096610 -0.144187 18.566116 -0.053575 0.959402 0.276907 93.817284 0.165085 -0.264980 0.950017 -2.097105 0.000000 0.000000 0.000000 1.000000
0.991167 0.082046 -0.104190 17.947954 -0.057674 0.974142 0.218452 95.703300 0.119419 -0.210513 0.970270 -2.837471 0.000000 0.000000 0.000000 1.000000
0.997245 0.057517 -0.046839 17.026537 -0.050442 0.988826 0.140281 97.126274 0.054384 -0.137532 0.989003 -3.810583 0.000000 0.000000 0.000000 1.000000
0.999320 0.025117 0.027008 15.865725 -0.026110 0.998971 0.037073 97.835861 -0.026049 -0.037753 0.998948 -4.846748 0.000000 0.000000 0.000000 1.000000
0.994116 -0.007726 0.108043 14.543819 0.016083 0.996925 -0.076690 97.747627 -0.107119 0.077976 0.991184 -5.740929 0.000000 0.000000 0.000000 1.000000
0.981771 -0.044712 0.184733 12.913687 0.076229 0.982970 -0.167208 96.962677 -0.174111 0.178242 0.968460 -6.341863 0.000000 0.000000 0.000000 1.000000
0.964560 -0.088521 0.248572 11.000553 0.142807 0.967284 -0.209683 95.602356 -0.221878 0.237750 0.945645 -6.766857 0.000000 0.000000 0.000000 1.000000
0.948070 -0.128460 0.290968 9.075788 0.193090 0.959402 -0.205583 93.593216 -0.252746 0.251090 0.934384 -7.071567 0.000000 0.000000 0.000000 1.000000
0.940750 -0.157095 0.300517 7.410992 0.210206 0.965565 -0.153290 90.836563 -0.266087 0.207378 0.941378 -7.439140 0.000000 0.000000 0.000000 1.000000
0.945379 -0.175380 0.274774 6.046539 0.195880 0.979413 -0.048807 87.726944 -0.260557 0.099964 0.960269 -7.945329 0.000000 0.000000 0.000000 1.000000
0.954227 -0.184501 0.235393 4.887934 0.173016 0.982518 0.068732 84.865585 -0.243959 -0.024859 0.969467 -7.984394 0.000000 0.000000 0.000000 1.000000
0.963180 -0.177713 0.201751 4.008472 0.149805 0.977853 0.146158 82.548149 -0.223257 -0.110553 0.968470 -7.353155 0.000000 0.000000 0.000000 1.000000
0.971580 -0.157463 0.176741 3.370126 0.124149 0.974693 0.185905 80.988609 -0.201541 -0.158679 0.966541 -6.485961 0.000000 0.000000 0.000000 1.000000
0.978600 -0.136766 0.153743 2.749871 0.100883 0.970082 0.220823 80.403519 -0.179344 -0.200587 0.963120 -5.767235 0.000000 0.000000 0.000000 1.000000
0.983729 -0.123988 0.130013 2.130780 0.088466 0.964166 0.250115 80.772705 -0.156366 -0.234544 0.959447 -5.188605 0.000000 0.000000 0.000000 1.000000
0.987693 -0.114522 0.106521 1.650231 0.083387 0.961775 0.260835 81.914726 -0.132320 -0.248742 0.959489 -4.747176 0.000000 0.000000 0.000000 1.000000
0.990470 -0.106302 0.087579 1.378243 0.081296 0.964496 0.251273 83.669662 -0.111180 -0.241758 0.963946 -4.479300 0.000000 0.000000 0.000000 1.000000
0.991639 -0.103379 0.077228 1.355004 0.083972 0.971400 0.222106 85.747139 -0.097981 -0.213764 0.971959 -4.349585 0.000000 0.000000 0.000000 1.000000
0.992467 -0.099915 0.070893 1.749478 0.085664 0.979659 0.181465 87.863258 -0.087582 -0.174025 0.980839 -4.294698 0.000000 0.000000 0.000000 1.000000
0.994956 -0.083862 0.055038 2.573756 0.075891 0.988116 0.133666 89.905815 -0.065594 -0.128815 0.989497 -4.274543 0.000000 0.000000 0.000000 1.000000
0.998248 -0.055943 0.019294 3.578051 0.054397 0.995845 0.073037 91.592506 -0.023300 -0.071860 0.997143 -4.201141 0.000000 0.000000 0.000000 1.000000
0.999214 -0.023871 -0.031659 4.599355 0.023937 0.999712 0.001713 92.658195 0.031609 -0.002470 0.999497 -4.099214 0.000000 0.000000 0.000000 1.000000
0.996442 0.007115 -0.083985 5.602292 -0.013055 0.997434 -0.070391 92.925087 0.083269 0.071237 0.993978 -4.002862 0.000000 0.000000 0.000000 1.000000
0.991615 0.034201 -0.124616 6.567120 -0.050659 0.990035 -0.131397 92.427612 0.118880 0.136608 0.983466 -3.948709 0.000000 0.000000 0.000000 1.000000
0.986907 0.060356 -0.149574 7.571669 -0.085440 0.982178 -0.167410 90.995880 0.136804 0.177998 0.974475 -4.091208 0.000000 0.000000 0.000000 1.000000
0.982421 0.088900 -0.164154 8.544871 -0.116610 0.978910 -0.167741 88.714478 0.145780 0.183935 0.972068 -4.582396 0.000000 0.000000 0.000000 1.000000
0.977589 0.115808 -0.175810 9.396575 -0.139928 0.981374 -0.131624 85.992584 0.157292 0.153274 0.975585 -5.225762 0.000000 0.000000 0.000000 1.000000
0.972167 0.138171 -0.189210 10.157334 -0.154729 0.985055 -0.075662 83.180443 0.175928 0.102832 0.979017 -5.620660 0.000000 0.000000 0.000000 1.000000
0.967459 0.149964 -0.203801 10.744690 -0.156103 0.987637 -0.014295 80.772842 0.199137 0.045643 0.978908 -5.610569 0.000000 0.000000 0.000000 1.000000
0.966210 0.141204 -0.215638 11.092813 -0.132298 0.989668 0.055267 79.105949 0.221214 -0.024871 0.974908 -5.373715 0.000000 0.000000 0.000000 1.000000
0.967273 0.122839 -0.222022 11.397319 -0.096847 0.987492 0.124422 78.087875 0.234529 -0.098847 0.967071 -5.027872 0.000000 0.000000 0.000000 1.000000
0.968627 0.114784 -0.220422 11.762044 -0.078627 0.982929 0.166338 77.745621 0.235752 -0.143789 0.961117 -4.634039 0.000000 0.000000 0.000000 1.000000
0.970407 0.115296 -0.212171 12.059705 -0.079248 0.982045 0.171196 78.373283 0.228100 -0.149316 0.962120 -4.353767 0.000000 0.000000 0.000000 1.000000
0.972140 0.121375 -0.200527 12.379206 -0.090862 0.983736 0.154944 80.006165 0.216072 -0.132407 0.967358 -4.435625 0.000000 0.000000 0.000000 1.000000
0.973000 0.131437 -0.189723 12.610524 -0.109623 0.986549 0.121263 81.945572 0.203109 -0.097191 0.974321 -4.725998 0.000000 0.000000 0.000000 1.000000
0.975065 0.129676 -0.180090 12.298402 -0.120061 0.990744 0.063344 83.399651 0.186637 -0.040143 0.981608 -4.973637 0.000000 0.000000 0.000000 1.000000
0.980474 0.114170 -0.160112 11.463038 -0.117508 0.993005 -0.011500 84.498688 0.157680 0.030090 0.987032 -5.307354 0.000000 0.000000 0.000000 1.000000
0.988020 0.095282 -0.121403 10.431616 -0.107053 0.989759 -0.094432 85.107025 0.111162 0.106297 0.988101 -5.762101 0.000000 0.000000 0.000000 1.000000
0.994568 0.077686 -0.069279 9.361814 -0.089156 0.979286 -0.181797 85.023392 0.053721 0.186986 0.980893 -6.282095 0.000000 0.000000 0.000000 1.000000
0.998317 0.055798 -0.015827 8.079462 -0.057999 0.961449 -0.268797 84.122360 0.000218 0.269262 0.963067 -6.666181 0.000000 0.000000 0.000000 1.000000
0.999217 0.026188 0.029650 6.576204 -0.014417 0.939032 -0.343528 82.484467 -0.036839 0.342831 0.938674 -6.781548 0.000000 0.000000 0.000000 1.000000
0.998066 -0.008424 0.061595 5.000136 0.032153 0.917924 -0.395451 79.983650 -0.053208 0.396667 0.916419 -6.629826 0.000000 0.000000 0.000000 1.000000
0.996203 -0.038112 0.078275 3.664049 0.067109 0.908912 -0.411552 77.384857 -0.055460 0.415242 0.908019 -6.670122 0.000000 0.000000 0.000000 1.000000
0.994531 -0.060526 0.085120 2.550719 0.089236 0.915901 -0.391360 74.694145 -0.054274 0.396815 0.916293 -6.827918 0.000000 0.000000 0.000000 1.000000
0.993271 -0.081107 0.082671 1.590674 0.105131 0.930893 -0.349837 72.161102 -0.048583 0.356174 0.933156 -6.954954 0.000000 0.000000 0.000000 1.000000
0.992544 -0.098388 0.071946 0.792092 0.115901 0.944544 -0.307252 69.920235 -0.037726 0.313300 0.948905 -6.819871 0.000000 0.000000 0.000000 1.000000
0.992337 -0.108858 0.058450 0.203775 0.120316 0.958996 -0.256615 68.058311 -0.028119 0.261681 0.964745 -6.590769 0.000000 0.000000 0.000000 1.000000
0.991946 -0.120037 0.040424 -0.303727 0.125364 0.975995 -0.178096 67.009514 -0.018075 0.181729 0.983182 -6.643480 0.000000 0.000000 0.000000 1.000000
0.991042 -0.132998 0.012124 -0.795733 0.133544 0.987784 -0.080311 67.119293 -0.001294 0.081210 0.996696 -6.926866 0.000000 0.000000 0.000000 1.000000
0.989548 -0.143537 -0.013880 -1.459805 0.143535 0.989645 -0.001117 68.395012 0.013897 -0.000887 0.999903 -7.244773 0.000000 0.000000 0.000000 1.000000
0.987788 -0.154212 -0.022236 -2.142190 0.154835 0.987492 0.029763 69.450111 0.017368 -0.032843 0.999310 -7.234995 0.000000 0.000000 0.000000 1.000000
0.985884 -0.166973 -0.012331 -2.716244 0.167302 0.985322 0.033931 71.053314 0.006484 -0.035515 0.999348 -7.181540 0.000000 0.000000 0.000000 1.000000
0.984714 -0.174133 0.004074 -2.986672 0.173861 0.984052 0.037605 74.130005 -0.010557 -0.036322 0.999284 -7.415913 0.000000 0.000000 0.000000 1.000000
0.985658 -0.168686 0.004881 -2.822418 0.168452 0.985204 0.031582 77.241882 -0.010136 -0.030307 0.999489 -7.705922 0.000000 0.000000 0.000000 1.000000
0.987265 -0.158122 -0.017496 -2.250547 0.158189 0.987406 0.002490 78.864426 0.016882 -0.005226 0.999844 -7.855467 0.000000 0.000000 0.000000 1.000000
0.987688 -0.146599 -0.054595 -1.472122 0.144347 0.988586 -0.043159 79.577110 0.060299 0.034747 0.997575 -7.941560 0.000000 0.000000 0.000000 1.000000
0.986918 -0.131915 -0.092692 -0.653179 0.122424 0.987269 -0.101549 79.964172 0.104908 0.088873 0.990503 -8.024570 0.000000 0.000000 0.000000 1.000000
0.986153 -0.108560 -0.125364 0.285843 0.086206 0.981370 -0.171699 80.232704 0.141669 0.158515 0.977140 -8.088305 0.000000 0.000000 0.000000 1.000000
0.985231 -0.074150 -0.154344 1.484034 0.034370 0.968667 -0.245974 79.866669 0.167747 0.237036 0.956909 -8.054812 0.000000 0.000000 0.000000 1.000000
0.981719 -0.029970 -0.187962 2.887375 -0.030949 0.949248 -0.313004 78.540932 0.187804 0.313099 0.930967 -7.811105 0.000000 0.000000 0.000000 1.000000
0.972058 0.018589 -0.234004 4.312788 -0.103918 0.927933 -0.357967 76.870529 0.210486 0.372282 0.903937 -7.565457 0.000000 0.000000 0.000000 1.000000
0.956654 0.058024 -0.285390 5.715278 -0.165089 0.915338 -0.367291 74.996292 0.239916 0.398485 0.885240 -7.396786 0.000000 0.000000 0.000000 1.000000
0.940837 0.091396 -0.326302 7.082776 -0.208963 0.914535 -0.346352 73.193100 0.266759 0.394046 0.879527 -7.250576 0.000000 0.000000 0.000000 1.000000
0.929999 0.124372 -0.345881 8.382726 -0.241017 0.916815 -0.318372 72.011368 0.277513 0.379449 0.882613 -7.022290 0.000000 0.000000 0.000000 1.000000
0.926961 0.156448 -0.340980 9.625341 -0.263638 0.918284 -0.295380 71.441872 0.266905 0.363701 0.892459 -6.724172 0.000000 0.000000 0.000000 1.000000
0.930136 0.187397 -0.315801 10.813830 -0.278499 0.920512 -0.274037 71.572556 0.239344 0.342842 0.908391 -6.370734 0.000000 0.000000 0.000000 1.000000
0.934363 0.215052 -0.284109 11.931107 -0.288795 0.924095 -0.250293 72.442734 0.208717 0.315914 0.925546 -5.992280 0.000000 0.000000 0.000000 1.000000
0.934929 0.237718 -0.263436 13.040627 -0.299219 0.927224 -0.225220 74.037735 0.190725 0.289390 0.938018 -5.757679 0.000000 0.000000 0.000000 1.000000
0.931332 0.252822 -0.262110 14.096178 -0.310386 0.927529 -0.208208 76.150589 0.190475 0.275266 0.942310 -5.721953 0.000000 0.000000 0.000000 1.000000
0.926865 0.258388 -0.272318 14.877796 -0.318772 0.924855 -0.207429 78.372635 0.198258 0.279066 0.939583 -5.688835 0.000000 0.000000 0.000000 1.000000
0.927118 0.251262 -0.278064 15.161237 -0.315855 0.923212 -0.218895 80.279861 0.201712 0.290769 0.935289 -5.645463 0.000000 0.000000 0.000000 1.000000
0.933676 0.233818 -0.271253 15.072187 -0.299606 0.924923 -0.233995 81.799332 0.196176 0.299744 0.933632 -5.696232 0.000000 0.000000 0.000000 1.000000
0.945124 0.208396 -0.251619 14.778423 -0.271696 0.929055 -0.251073 82.804543 0.181446 0.305659 0.934692 -5.793443 0.000000 0.000000 0.000000 1.000000
0.959125 0.178111 -0.219901 14.376672 -0.235317 0.933613 -0.270173 83.100937 0.157182 0.310876 0.937363 -5.804967 0.000000 0.000000 0.000000 1.000000
0.973012 0.144650 -0.179791 13.925558 -0.192740 0.937870 -0.288533 82.706680 0.126884 0.315399 0.940438 -5.743144 0.000000 0.000000 0.000000 1.000000
0.984764 0.105159 -0.138495 13.326782 -0.143316 0.941866 -0.303889 81.577477 0.098487 0.319107 0.942587 -5.704290 0.000000 0.000000 0.000000 1.000000
0.992999 0.057666 -0.103088 12.483223 -0.087716 0.944498 -0.316590 79.800095 0.079109 0.323416 0.942944 -5.726325 0.000000 0.000000 0.000000 1.000000
0.996737 0.004762 -0.080583 11.423524 -0.031313 0.942903 -0.331591 77.601456 0.074403 0.333033 0.939975 -5.851552 0.000000 0.000000 0.000000 1.000000
0.996794 -0.042924 -0.067525 10.272193 0.016327 0.935284 -0.353521 75.378555 0.078330 0.351285 0.932986 -5.994017 0.000000 0.000000 0.000000 1.000000
0.996283 -0.072252 -0.046908 9.237459 0.049291 0.924720 -0.377443 73.656013 0.070647 0.373727 0.924844 -5.971307 0.000000 0.000000 0.000000 1.000000
0.995717 -0.090834 -0.017220 8.235570 0.076651 0.915238 -0.395556 72.367065 0.051690 0.392542 0.918280 -5.850607 0.000000 0.000000 0.000000 1.000000
0.993510 -0.113426 0.008503 7.040987 0.107149 0.908191 -0.404610 71.336243 0.038171 0.402895 0.914450 -5.761902 0.000000 0.000000 0.000000 1.000000
0.990705 -0.133874 0.024114 5.778288 0.132284 0.906860 -0.400133 70.752907 0.031699 0.399604 0.916140 -5.725892 0.000000 0.000000 0.000000 1.000000
0.988770 -0.146565 0.029196 4.604038 0.146680 0.914377 -0.377358 70.804543 0.028611 0.377402 0.925607 -5.758344 0.000000 0.000000 0.000000 1.000000
0.986810 -0.158719 0.031839 3.479822 0.160109 0.927910 -0.336671 71.561874 0.023892 0.337328 0.941084 -5.845891 0.000000 0.000000 0.000000 1.000000
0.984590 -0.170713 0.037930 2.436391 0.174300 0.940391 -0.292036 72.858902 0.014185 0.294147 0.955655 -5.923954 0.000000 0.000000 0.000000 1.000000
0.984162 -0.172133 0.042369 1.554139 0.177192 0.948125 -0.263936 74.597153 0.005261 0.267263 0.963609 -5.908652 0.000000 0.000000 0.000000 1.000000
0.986123 -0.160422 0.042731 0.851886 0.166011 0.951145 -0.260315 76.515167 0.001117 0.263797 0.964578 -5.850719 0.000000 0.000000 0.000000 1.000000
0.988976 -0.141255 0.044435 0.385956 0.148049 0.949281 -0.277393 78.297684 -0.002998 0.280914 0.959728 -5.741576 0.000000 0.000000 0.000000 1.000000
0.992465 -0.112765 0.047937 0.300261 0.122094 0.943125 -0.309206 79.554283 -0.010343 0.312728 0.949786 -5.553929 0.000000 0.000000 0.000000 1.000000
0.996221 -0.073028 0.047013 0.540477 0.085033 0.930311 -0.356778 80.147926 -0.017682 0.359427 0.933006 -5.220700 0.000000 0.000000 0.000000 1.000000
0.998822 -0.029755 0.038332 0.964553 0.043127 0.906428 -0.420153 79.905968 -0.022244 0.421312 0.906643 -4.688214 0.000000 0.000000 0.000000 1.000000
0.999744 0.007250 0.021442 1.380314 0.004089 0.873890 -0.486106 78.920937 -0.022262 0.486069 0.873637 -4.016930 0.000000 0.000000 0.000000 1.000000
0.999651 0.026285 -0.002659 1.556938 -0.023530 0.840032 -0.542026 77.462402 -0.012013 0.541899 0.840358 -3.187119 0.000000 0.000000 0.000000 1.000000
0.999364 0.019558 -0.029809 1.637028 -0.033127 0.818466 -0.573599 75.501617 0.013179 0.574222 0.818594 -2.394994 0.000000 0.000000 0.000000 1.000000
0.998543 -0.005287 -0.053707 1.947148 -0.025492 0.830958 -0.555750 73.344055 0.047567 0.556309 0.829613 -2.130533 0.000000 0.000000 0.000000 1.000000
0.996981 -0.025643 -0.073292 2.601733 -0.012269 0.880011 -0.474795 71.649849 0.076673 0.474261 0.877039 -2.641991 0.000000 0.000000 0.000000 1.000000
0.995304 -0.030496 -0.091871 3.478858 -0.004134 0.934820 -0.355097 70.696739 0.096711 0.353810 0.930304 -3.589618 0.000000 0.000000 0.000000 1.000000
0.993506 -0.030072 -0.109730 4.354603 0.000509 0.965603 -0.260020 70.277138 0.113775 0.258276 0.959348 -4.181020 0.000000 0.000000 0.000000 1.000000
0.991825 -0.026376 -0.124853 5.153626 -0.004208 0.971113 -0.238582 69.688301 0.127539 0.237157 0.963063 -4.038281 0.000000 0.000000 0.000000 1.000000
0.990151 -0.002700 -0.139975 6.001030 -0.038587 0.955823 -0.291399 68.806297 0.134578 0.293930 0.946305 -3.326701 0.000000 0.000000 0.000000 1.000000
0.987958 0.033568 -0.151035 6.938540 -0.090439 0.917338 -0.387700 68.237000 0.125536 0.396690 0.909328 -2.306611 0.000000 0.000000 0.000000 1.000000
0.987852 0.058902 -0.143804 7.863018 -0.121975 0.867271 -0.482663 68.840454 0.096287 0.494340 0.863920 -1.283730 0.000000 0.000000 0.000000 1.000000
0.989525 0.068327 -0.127170 8.560582 -0.126927 0.831448 -0.540910 70.260834 0.068777 0.551385 0.831411 -0.550315 0.000000 0.000000 0.000000 1.000000
0.990141 0.065236 -0.123957 9.170050 -0.122879 0.829340 -0.545065 71.566383 0.067244 0.554923 0.829179 -0.391611 0.000000 0.000000 0.000000 1.000000
0.987643 0.072847 -0.138764 10.279545 -0.131032 0.869566 -0.476114 72.705963 0.085981 0.488413 0.868366 -0.955815 0.000000 0.000000 0.000000 1.000000
0.980187 0.110802 -0.164181 11.837142 -0.162057 0.925213 -0.343101 73.955048 0.113887 0.362910 0.924838 -1.848532 0.000000 0.000000 0.000000 1.000000
0.969651 0.153782 -0.190074 13.066692 -0.192029 0.960219 -0.202744 75.063843 0.151334 0.233090 0.960608 -2.432435 0.000000 0.000000 0.000000 1.000000
0.963945 0.162181 -0.210968 13.495213 -0.186624 0.977173 -0.101511 75.708603 0.189689 0.137222 0.972208 -2.735571 0.000000 0.000000 0.000000 1.000000
0.965757 0.133716 -0.222338 13.265956 -0.148021 0.987775 -0.048894 75.814148 0.213082 0.080130 0.973743 -3.109486 0.000000 0.000000 0.000000 1.000000
0.970269 0.096065 -0.222150 12.496129 -0.105951 0.993824 -0.032989 75.417824 0.217608 0.055545 0.974454 -3.507400 0.000000 0.000000 0.000000 1.000000
0.976294 0.067034 -0.205807 11.340044 -0.083161 0.994023 -0.070728 74.463814 0.199836 0.086166 0.976033 -3.535463 0.000000 0.000000 0.000000 1.000000
0.984904 0.048627 -0.166133 10.306995 -0.080183 0.978721 -0.188880 73.156494 0.153414 0.199350 0.967845 -3.018430 0.000000 0.000000 0.000000 1.000000
0.992126 0.043321 -0.117513 9.457253 -0.080298 0.940074 -0.331381 71.783997 0.096115 0.338207 0.936150 -2.288721 0.000000 0.000000 0.000000 1.000000
0.995684 0.048982 -0.078825 8.659069 -0.077647 0.904890 -0.418504 70.773933 0.050829 0.422818 0.904788 -1.685089 0.000000 0.000000 0.000000 1.000000
0.997488 0.052070 -0.048034 7.861823 -0.067842 0.897346 -0.436083 70.271545 0.020396 0.438246 0.898624 -1.628199 0.000000 0.000000 0.000000 1.000000
0.998903 0.039897 -0.024499 6.991614 -0.046340 0.917102 -0.395949 69.368500 0.006671 0.396650 0.917945 -2.112549 0.000000 0.000000 0.000000 1.000000
0.999760 0.017512 -0.013189 6.084533 -0.020644 0.954502 -0.297491 68.275780 0.007379 0.297691 0.954634 -2.966395 0.000000 0.000000 0.000000 1.000000
0.999924 0.002481 -0.012042 5.478032 -0.004341 0.987591 -0.156987 67.301552 0.011503 0.157027 0.987527 -4.204512 0.000000 0.000000 0.000000 1.000000
0.999921 -0.004009 -0.011953 5.190724 0.003348 0.998487 -0.054879 66.109970 0.012155 0.054834 0.998421 -5.186332 0.000000 0.000000 0.000000 1.000000
0.999738 -0.016977 -0.015378 4.913521 0.016000 0.997976 -0.061546 66.553421 0.016392 0.061284 0.997986 -5.208497 0.000000 0.000000 0.000000 1.000000
0.998548 -0.046086 -0.027880 4.409236 0.041194 0.986904 -0.155961 67.946266 0.034702 0.154586 0.987370 -4.488841 0.000000 0.000000 0.000000 1.000000
0.996024 -0.077484 -0.043971 3.814326 0.063042 0.961718 -0.266692 69.588699 0.062952 0.262859 0.962778 -3.766711 0.000000 0.000000 0.000000 1.000000
0.994251 -0.095972 -0.047478 3.355794 0.073460 0.934001 -0.349636 71.286568 0.077899 0.344138 0.935682 -3.392931 0.000000 0.000000 0.000000 1.000000
0.993917 -0.105138 -0.032800 2.939837 0.083442 0.913230 -0.398809 73.116463 0.071884 0.393646 0.916447 -3.363763 0.000000 0.000000 0.000000 1.000000
0.994339 -0.104043 -0.021555 2.773427 0.084691 0.898586 -0.430546 74.400337 0.064164 0.426284 0.902311 -3.616374 0.000000 0.000000 0.000000 1.000000
0.995486 -0.090473 -0.028660 2.873500 0.066985 0.883756 -0.463129 74.879105 0.067229 0.459118 0.885828 -3.785968 0.000000 0.000000 0.000000 1.000000
0.996784 -0.065840 -0.045690 3.162360 0.035248 0.872203 -0.487873 74.730331 0.071972 0.484693 0.871718 -3.683918 0.000000 0.000000 0.000000 1.000000
0.997295 -0.041009 -0.060992 3.582504 0.007082 0.879624 -0.475617 74.141151 0.073154 0.473898 0.877536 -3.568696 0.000000 0.000000 0.000000 1.000000
0.997178 -0.030660 -0.068525 4.038439 0.000636 0.916213 -0.400691 73.089203 0.075068 0.399517 0.913647 -3.999973 0.000000 0.000000 0.000000 1.000000
0.996426 -0.045765 -0.071005 4.411816 0.025564 0.964486 -0.262894 71.541847 0.080515 0.260139 0.962208 -5.281273 0.000000 0.000000 0.000000 1.000000
0.993073 -0.082289 -0.083875 4.700744 0.070423 0.988238 -0.135746 69.602257 0.094059 0.128899 0.987187 -6.444741 0.000000 0.000000 0.000000 1.000000
0.987368 -0.111859 -0.112213 4.797600 0.097328 0.987047 -0.127539 68.281326 0.125026 0.115007 0.985465 -6.322893 0.000000 0.000000 0.000000 1.000000
0.984020 -0.117067 -0.134167 5.108834 0.085689 0.971841 -0.219504 67.659119 0.156085 0.204500 0.966342 -5.297020 0.000000 0.000000 0.000000 1.000000
0.985504 -0.098614 -0.138049 5.989967 0.052225 0.950538 -0.306186 67.232605 0.161415 0.294538 0.941909 -4.557872 0.000000 0.000000 0.000000 1.000000
0.988052 -0.077737 -0.133077 6.952745 0.026800 0.936979 -0.348356 67.249077 0.151770 0.340627 0.927868 -4.530227 0.000000 0.000000 0.000000 1.000000
0.988261 -0.073094 -0.134155 7.522013 0.022842 0.938944 -0.343311 67.786934 0.151058 0.336216 0.929591 -5.092900 0.000000 0.000000 0.000000 1.000000
0.986933 -0.075430 -0.142387 7.939488 0.032432 0.958568 -0.283012 68.423447 0.157835 0.274696 0.948488 -6.016608 0.000000 0.000000 0.000000 1.000000
0.986162 -0.065058 -0.152488 8.526932 0.036831 0.982773 -0.181108 69.395325 0.161644 0.172986 0.971569 -7.099501 0.000000 0.000000 0.000000 1.000000
0.985697 -0.024701 -0.166706 9.191439 0.011854 0.996912 -0.077629 70.986679 0.168108 0.074542 0.982946 -8.013913 0.000000 0.000000 0.000000 1.000000
0.982210 0.045155 -0.182277 9.860799 -0.049954 0.998513 -0.021821 72.870819 0.181021 0.030538 0.983005 -8.380000 0.000000 0.000000 0.000000 1.000000
