<?xml version="1.0" encoding="utf-8"?>
<COLLADA xmlns="http://www.collada.org/2005/11/COLLADASchema" version="1.4.1">
  <asset>
    <contributor>
      <author>Mixamo</author>
      <authoring_tool>COLLADA Mixamo exporter</authoring_tool>
      <comments/>
    </contributor>
    <created>2024-05-03T11:01:29Z</created>
    <modified>2024-05-03T11:01:29Z</modified>
    <revision/>
    <title/>
    <unit meter="0.010000"/>
    <up_axis>Y_UP</up_axis>
  </asset>
  <library_animations>
    <animation id="mixamorig_Hips-anim" name="mixamorig_Hips">
      <source id="mixamorig_Hips-Matrix-animation-input">
        <float_array id="mixamorig_Hips-Matrix-animation-input-array" count="198">

0.000000 0.033333 0.066667 0.100000 0.133333 0.166667 0.200000 0.233333 0.266667 0.300000 0.333333 0.366667 0.400000 0.433333 0.466667 0.500000
0.533333 0.566667 0.600000 0.633333 0.666667 0.700000 0.733333 0.766667 0.800000 0.833333 0.866667 0.900000 0.933333 0.966667 1.000000 1.033333
1.066667 1.100000 1.133333 1.166667 1.200000 1.233333 1.266667 1.300000 1.333333 1.366667 1.400000 1.433333 1.466667 1.500000 1.533333 1.566667
1.600000 1.633333 1.666667 1.700000 1.733333 1.766667 1.800000 1.833333 1.866667 1.900000 1.933333 1.966667 2.000000 2.033333 2.066667 2.100000
2.133333 2.166667 2.200000 2.233333 2.266667 2.300000 2.333333 2.366667 2.400000 2.433333 2.466667 2.500000 2.533333 2.566667 2.600000 2.633333
2.666667 2.700000 2.733333 2.766667 2.800000 2.833333 2.866667 2.900000 2.933333 2.966667 3.000000 3.033333 3.066667 3.100000 3.133333 3.166667
3.200000 3.233333 3.266667 3.300000 3.333333 3.366667 3.400000 3.433333 3.466667 3.500000 3.533333 3.566667 3.600000 3.633333 3.666667 3.700000
3.733333 3.766667 3.800000 3.833333 3.866667 3.900000 3.933333 3.966667 4.000000 4.033333 4.066667 4.100000 4.133333 4.166667 4.200000 4.233333
4.266667 4.300000 4.333333 4.366667 4.400000 4.433333 4.466667 4.500000 4.533333 4.566667 4.600000 4.633333 4.666667 4.700000 4.733333 4.766667
4.800000 4.833333 4.866667 4.900000 4.933333 4.966667 5.000000 5.033333 5.066667 5.100000 5.133333 5.166667 5.200000 5.233333 5.266667 5.300000
5.333333 5.366667 5.400000 5.433333 5.466667 5.500000 5.533333 5.566667 5.600000 5.633333 5.666667 5.700000 5.733333 5.766667 5.800000 5.833333
5.866667 5.900000 5.933333 5.966667 6.000000 6.033333 6.066667 6.100000 6.133333 6.166667 6.200000 6.233333 6.266667 6.300000 6.333333 6.366667
6.400000 6.433333 6.466667 6.500000 6.533333 6.566667</float_array>
        <technique_common>
          <accessor source="#mixamorig_Hips-Matrix-animation-input-array" count="198">
            <param name="TIME" type="float"/>
          </accessor>
        </technique_common>
      </source>
      <source id="mixamorig_Hips-Matrix-animation-output-transform">
        <float_array id="mixamorig_Hips-Matrix-animation-output-transform-array" count="3168">

0.995251 0.093710 0.026325 0.478562 -0.093813 0.995586 0.002725 101.630867 -0.025953 -0.005182 0.999650 1.555262 0.000000 0.000000 0.000000 1.000000
0.995326 0.089722 0.035735 0.474915 -0.089703 0.995966 -0.002122 101.613754 -0.035781 -0.001093 0.999359 1.566807 0.000000 0.000000 0.000000 1.000000
0.995182 0.084704 0.049383 0.525820 -0.084416 0.996399 -0.007894 101.581139 -0.049874 0.003687 0.998749 1.521914 0.000000 0.000000 0.000000 1.000000
0.994635 0.079082 0.066691 0.615475 -0.078468 0.996847 -0.011769 101.515381 -0.067411 0.006473 0.997704 1.402192 0.000000 0.000000 0.000000 1.000000
0.993587 0.072861 0.086467 0.729422 -0.072078 0.997325 -0.012142 101.409103 -0.087120 0.005832 0.996181 1.216515 0.000000 0.000000 0.000000 1.000000
0.992026 0.065970 0.107391 0.852779 -0.065344 0.997819 -0.009343 101.265427 -0.107774 0.002251 0.994173 0.983805 0.000000 0.000000 0.000000 1.000000
0.990075 0.058954 0.127574 0.968278 -0.058881 0.998256 -0.004346 101.062073 -0.127608 -0.003209 0.991819 0.694628 0.000000 0.000000 0.000000 1.000000
0.987984 0.052551 0.145346 1.067129 -0.053595 0.998557 0.003272 100.706726 -0.144964 -0.011022 0.989376 0.294157 0.000000 0.000000 0.000000 1.000000
0.985562 0.047465 0.162528 1.158644 -0.050498 0.998618 0.014579 100.028320 -0.161611 -0.022576 0.986596 -0.253600 0.000000 0.000000 0.000000 1.000000
0.981823 0.046652 0.183979 1.288593 -0.053114 0.998127 0.030356 98.899261 -0.182218 -0.039576 0.982461 -0.887203 0.000000 0.000000 0.000000 1.000000
0.976101 0.055789 0.210037 1.531976 -0.068276 0.996275 0.052673 97.420509 -0.206316 -0.065755 0.976274 -1.507287 0.000000 0.000000 0.000000 1.000000
0.970033 0.073478 0.231597 1.919720 -0.094151 0.992379 0.079497 95.938705 -0.223991 -0.098920 0.969558 -2.067572 0.000000 0.000000 0.000000 1.000000
0.968092 0.083939 0.236119 2.406311 -0.109844 0.989030 0.098766 94.913132 -0.225238 -0.121551 0.966692 -2.452599 0.000000 0.000000 0.000000 1.000000
0.973091 0.069483 0.219695 2.943301 -0.093803 0.990324 0.102270 94.799683 -0.210463 -0.120126 0.970193 -2.456481 0.000000 0.000000 0.000000 1.000000
0.981314 0.031965 0.189740 3.567303 -0.050697 0.994214 0.094705 95.745789 -0.185615 -0.102555 0.977256 -2.041711 0.000000 0.000000 0.000000 1.000000
0.988087 -0.012730 0.153367 4.320354 0.000564 0.996866 0.079110 97.545715 -0.153893 -0.078081 0.984998 -1.403593 0.000000 0.000000 0.000000 1.000000
0.992373 -0.053344 0.111128 5.174872 0.047916 0.997551 0.050955 99.699478 -0.113574 -0.045242 0.992499 -0.784025 0.000000 0.000000 0.000000 1.000000
0.994607 -0.087353 0.055913 6.055128 0.086881 0.996160 0.010832 101.457520 -0.056644 -0.005916 0.998377 -0.423311 0.000000 0.000000 0.000000 1.000000
0.992908 -0.117317 -0.019246 6.852955 0.116735 0.992739 -0.029034 102.244415 0.022512 0.026581 0.999393 -0.436669 0.000000 0.000000 0.000000 1.000000
0.984099 -0.142921 -0.105460 7.505079 0.137895 0.988999 -0.053543 101.759865 0.111952 0.038149 0.992981 -0.657763 0.000000 0.000000 0.000000 1.000000
0.970381 -0.161299 -0.179843 8.028893 0.152640 0.986393 -0.061080 100.024681 0.187248 0.031819 0.981797 -0.856551 0.000000 0.000000 0.000000 1.000000
0.957789 -0.178795 -0.225106 8.536311 0.169261 0.983674 -0.061126 97.527069 0.232360 0.020444 0.972415 -1.127375 0.000000 0.000000 0.000000 1.000000
0.950004 -0.202302 -0.237836 9.112192 0.195341 0.979316 -0.052738 94.956757 0.243586 0.003642 0.969872 -1.714751 0.000000 0.000000 0.000000 1.000000
0.949387 -0.220959 -0.223252 9.711470 0.220103 0.975045 -0.029033 92.978058 0.224096 -0.021575 0.974328 -2.398613 0.000000 0.000000 0.000000 1.000000
0.956551 -0.217800 -0.193839 10.077182 0.221832 0.975084 -0.000931 92.297966 0.189213 -0.042110 0.981033 -2.554354 0.000000 0.000000 0.000000 1.000000
0.967628 -0.194448 -0.160889 10.042980 0.199440 0.979790 0.015325 93.121681 0.154657 -0.046917 0.986854 -1.960348 0.000000 0.000000 0.000000 1.000000
0.978750 -0.166942 -0.119072 9.784927 0.170341 0.985204 0.018892 95.076599 0.114156 -0.038773 0.992706 -1.036297 0.000000 0.000000 0.000000 1.000000
0.987697 -0.144854 -0.058916 9.566186 0.145834 0.989228 0.012674 97.531227 0.056445 -0.021110 0.998182 -0.268005 0.000000 0.000000 0.000000 1.000000
0.991746 -0.127939 0.008480 9.501101 0.127966 0.991775 -0.002721 99.721428 -0.008062 0.003784 0.999960 0.102195 0.000000 0.000000 0.000000 1.000000
0.992065 -0.106754 0.066416 9.522936 0.107974 0.994040 -0.015050 100.941177 -0.064413 0.022102 0.997679 0.092671 0.000000 0.000000 0.000000 1.000000
0.990112 -0.078679 0.116141 9.550641 0.080697 0.996657 -0.012769 100.866280 -0.114748 0.022015 0.993151 -0.050938 0.000000 0.000000 0.000000 1.000000
0.985116 -0.053418 0.163381 9.490740 0.055066 0.998467 -0.005571 99.608429 -0.162833 0.014485 0.986547 -0.075138 0.000000 0.000000 0.000000 1.000000
0.980012 -0.032374 0.196288 9.286549 0.033602 0.999431 -0.002932 97.625694 -0.196081 0.009469 0.980542 -0.085054 0.000000 0.000000 0.000000 1.000000
0.979966 -0.012335 0.198785 8.941901 0.011038 0.999910 0.007628 95.519203 -0.198861 -0.005281 0.980013 -0.429973 0.000000 0.000000 0.000000 1.000000
0.984804 -0.001718 0.173662 8.520082 -0.003913 0.999478 0.032074 94.186996 -0.173626 -0.032266 0.984283 -0.863947 0.000000 0.000000 0.000000 1.000000
0.990709 -0.008927 0.135707 8.113914 0.001993 0.998689 0.051142 94.601059 -0.135986 -0.050397 0.989428 -0.622990 0.000000 0.000000 0.000000 1.000000
0.994998 -0.025330 0.096635 7.780768 0.020787 0.998644 0.047734 96.470398 -0.097713 -0.045487 0.994175 0.412590 0.000000 0.000000 0.000000 1.000000
0.997053 -0.042433 0.063917 7.455342 0.040992 0.998879 0.023688 98.784760 -0.064850 -0.020998 0.997674 1.512298 0.000000 0.000000 0.000000 1.000000
0.997556 -0.056940 0.040486 7.014935 0.057257 0.998337 -0.006698 100.859879 -0.040037 0.009000 0.999158 2.067844 0.000000 0.000000 0.000000 1.000000
0.998033 -0.058829 0.021677 6.476926 0.059310 0.997992 -0.022246 102.228714 -0.020325 0.023488 0.999517 2.054647 0.000000 0.000000 0.000000 1.000000
0.998769 -0.049526 0.002899 5.874735 0.049566 0.998643 -0.015960 102.314827 -0.002105 0.016084 0.999868 1.821620 0.000000 0.000000 0.000000 1.000000
0.999095 -0.040249 -0.013723 5.244595 0.040158 0.999170 -0.006828 101.083603 0.013987 0.006271 0.999883 1.727297 0.000000 0.000000 0.000000 1.000000
0.998864 -0.038879 -0.027539 4.648680 0.038703 0.999227 -0.006897 99.005875 0.027786 0.005823 0.999597 1.704186 0.000000 0.000000 0.000000 1.000000
0.998166 -0.041171 -0.044390 4.146959 0.041160 0.999152 -0.001163 96.804878 0.044400 -0.000666 0.999014 1.418640 0.000000 0.000000 0.000000 1.000000
0.997262 -0.034659 -0.065318 3.683884 0.036020 0.999155 0.019782 95.361923 0.064578 -0.022080 0.997668 1.070510 0.000000 0.000000 0.000000 1.000000
0.997060 -0.017380 -0.074627 3.151610 0.020476 0.998953 0.040920 95.480965 0.073837 -0.042328 0.996372 1.368783 0.000000 0.000000 0.000000 1.000000
0.998378 0.003187 -0.056845 2.597237 -0.000501 0.998885 0.047208 97.029999 0.056932 -0.047103 0.997266 2.434206 0.000000 0.000000 0.000000 1.000000
0.999534 0.025429 -0.016910 2.079935 -0.024822 0.999072 0.035193 99.181831 0.017790 -0.034757 0.999237 3.632817 0.000000 0.000000 0.000000 1.000000
0.998459 0.046718 0.029942 1.622947 -0.047006 0.998854 0.008977 101.185097 -0.029488 -0.010371 0.999511 4.341730 0.000000 0.000000 0.000000 1.000000
0.994818 0.066971 0.076502 1.221761 -0.066166 0.997724 -0.013006 102.513351 -0.077199 0.007877 0.996985 4.389623 0.000000 0.000000 0.000000 1.000000
0.988975 0.083727 0.122137 0.886823 -0.083077 0.996489 -0.010408 102.566742 -0.122579 0.000147 0.992459 4.064500 0.000000 0.000000 0.000000 1.000000
0.982324 0.095851 0.160787 0.624697 -0.097977 0.995174 0.005328 101.297714 -0.159501 -0.020987 0.986975 3.802837 0.000000 0.000000 0.000000 1.000000
0.977134 0.109347 0.182351 0.385351 -0.113103 0.993530 0.010296 99.277267 -0.180045 -0.030685 0.983180 3.628639 0.000000 0.000000 0.000000 1.000000
0.974497 0.125158 0.186255 0.125806 -0.130059 0.991403 0.014280 97.274292 -0.182867 -0.038140 0.982398 3.194340 0.000000 0.000000 0.000000 1.000000
0.975127 0.134009 0.176548 -0.079666 -0.142382 0.989172 0.035586 96.011230 -0.169868 -0.059838 0.983649 2.646195 0.000000 0.000000 0.000000 1.000000
0.980972 0.126271 0.147480 -0.181638 -0.135884 0.989084 0.056991 96.171333 -0.138674 -0.075946 0.987422 2.651265 0.000000 0.000000 0.000000 1.000000
0.989476 0.107053 0.097351 -0.216736 -0.112616 0.992195 0.053549 97.670555 -0.090859 -0.063949 0.993808 3.341028 0.000000 0.000000 0.000000 1.000000
0.995516 0.084652 0.042216 -0.252201 -0.085754 0.996002 0.025022 99.719299 -0.039929 -0.028530 0.998795 4.115751 0.000000 0.000000 0.000000 1.000000
0.997998 0.063181 -0.002709 -0.289065 -0.063212 0.997910 -0.013374 101.509308 0.001859 0.013518 0.999907 4.390033 0.000000 0.000000 0.000000 1.000000
0.998124 0.050131 -0.035144 -0.247966 -0.051432 0.997986 -0.037143 102.509613 0.033211 0.038881 0.998692 4.106628 0.000000 0.000000 0.000000 1.000000
0.997377 0.048535 -0.053693 -0.139622 -0.050090 0.998352 -0.028016 102.316872 0.052245 0.030632 0.998164 3.686693 0.000000 0.000000 0.000000 1.000000
0.997053 0.051526 -0.056836 -0.059027 -0.051732 0.998659 -0.002163 101.020294 0.056648 0.005097 0.998381 3.584386 0.000000 0.000000 0.000000 1.000000
0.997156 0.050223 -0.056192 -0.056111 -0.049531 0.998679 0.013636 99.213219 0.056802 -0.010814 0.998327 3.629323 0.000000 0.000000 0.000000 1.000000
0.996628 0.051259 -0.064078 -0.006258 -0.049872 0.998489 0.023060 97.671318 0.065163 -0.019787 0.997678 3.314511 0.000000 0.000000 0.000000 1.000000
0.995545 0.057477 -0.074740 0.085002 -0.054584 0.997700 0.040198 97.035561 0.076879 -0.035940 0.996392 2.884953 0.000000 0.000000 0.000000 1.000000
0.994538 0.062235 -0.083791 0.071882 -0.057903 0.996905 0.053178 97.809692 0.086841 -0.048036 0.995063 2.951936 0.000000 0.000000 0.000000 1.000000
0.992992 0.063183 -0.099876 -0.043486 -0.059273 0.997373 0.041651 99.431084 0.102245 -0.035439 0.994128 3.534271 0.000000 0.000000 0.000000 1.000000
0.990665 0.061748 -0.121531 -0.086882 -0.061098 0.998091 0.009070 101.098030 0.121859 -0.001560 0.992546 4.082183 0.000000 0.000000 0.000000 1.000000
0.988439 0.059722 -0.139362 0.007065 -0.063533 0.997713 -0.023055 102.342842 0.137667 0.031643 0.989973 4.185754 0.000000 0.000000 0.000000 1.000000
0.985334 0.061368 -0.159217 0.152056 -0.068233 0.996945 -0.038009 102.766426 0.156398 0.048315 0.986512 3.898360 0.000000 0.000000 0.000000 1.000000
0.979364 0.069899 -0.189633 0.282627 -0.077293 0.996499 -0.031867 102.350487 0.186742 0.045867 0.981338 3.483210 0.000000 0.000000 0.000000 1.000000
0.971544 0.079693 -0.223051 0.393509 -0.084600 0.996336 -0.012516 101.432533 0.221236 0.031030 0.974726 3.042021 0.000000 0.000000 0.000000 1.000000
0.964292 0.086605 -0.250281 0.513650 -0.088239 0.996088 0.004706 100.516724 0.249710 0.017546 0.968162 2.545737 0.000000 0.000000 0.000000 1.000000
0.958206 0.091238 -0.271141 0.627293 -0.092053 0.995706 0.009738 99.967514 0.270865 0.015628 0.962491 2.128793 0.000000 0.000000 0.000000 1.000000
0.952998 0.094128 -0.287985 0.676379 -0.096601 0.995307 0.005645 100.004700 0.287165 0.022440 0.957618 1.981142 0.000000 0.000000 0.000000 1.000000
0.948176 0.092960 -0.303843 0.615963 -0.097866 0.995199 -0.000923 100.571182 0.302299 0.030611 0.952722 2.087168 0.000000 0.000000 0.000000 1.000000
0.943147 0.086332 -0.320967 0.461079 -0.094976 0.995415 -0.011340 101.382317 0.318517 0.041179 0.947022 2.311630 0.000000 0.000000 0.000000 1.000000
0.938408 0.077180 -0.336800 0.303229 -0.091774 0.995397 -0.027604 102.136948 0.333119 0.056813 0.941172 2.513399 0.000000 0.000000 0.000000 1.000000
0.934438 0.069699 -0.349240 0.232862 -0.089492 0.995150 -0.040842 102.591667 0.344699 0.069419 0.936143 2.577583 0.000000 0.000000 0.000000 1.000000
0.929813 0.066889 -0.361903 0.264025 -0.087183 0.995388 -0.040022 102.608810 0.357557 0.068765 0.931356 2.485674 0.000000 0.000000 0.000000 1.000000
0.923995 0.069740 -0.375991 0.347578 -0.085468 0.996020 -0.025291 102.214027 0.372731 0.055504 0.926278 2.302452 0.000000 0.000000 0.000000 1.000000
0.920280 0.076760 -0.383657 0.443371 -0.085018 0.996369 -0.004585 101.576614 0.381912 0.036837 0.923464 2.076120 0.000000 0.000000 0.000000 1.000000
0.922017 0.085329 -0.377629 0.548466 -0.085772 0.996191 0.015678 100.941727 0.377529 0.017934 0.925824 1.865394 0.000000 0.000000 0.000000 1.000000
0.928203 0.092636 -0.360357 0.635357 -0.087259 0.995697 0.031200 100.609360 0.361697 0.002485 0.932292 1.788522 0.000000 0.000000 0.000000 1.000000
0.936782 0.094664 -0.336866 0.645386 -0.087621 0.995500 0.036084 100.781982 0.338766 -0.004286 0.940861 1.917873 0.000000 0.000000 0.000000 1.000000
0.948605 0.089004 -0.303690 0.594642 -0.085194 0.996030 0.025797 101.382004 0.304780 0.001401 0.952422 2.213818 0.000000 0.000000 0.000000 1.000000
0.964169 0.079037 -0.253240 0.603017 -0.081017 0.996709 0.002619 102.144180 0.252613 0.017992 0.967400 2.560335 0.000000 0.000000 0.000000 1.000000
0.979614 0.070635 -0.188064 0.777346 -0.076597 0.996758 -0.024618 102.745140 0.185715 0.038521 0.981848 2.827034 0.000000 0.000000 0.000000 1.000000
0.990452 0.067089 -0.120430 1.098992 -0.072734 0.996419 -0.043105 102.917671 0.117107 0.051452 0.991786 2.917879 0.000000 0.000000 0.000000 1.000000
0.996025 0.068569 -0.056851 1.449331 -0.071044 0.996558 -0.042717 102.626457 0.053726 0.046586 0.997468 2.794427 0.000000 0.000000 0.000000 1.000000
0.997351 0.072449 0.006429 1.751400 -0.072264 0.997061 -0.025424 102.013390 -0.008252 0.024892 0.999656 2.433513 0.000000 0.000000 0.000000 1.000000
0.994649 0.074731 0.071340 2.019318 -0.074840 0.997195 -0.001154 101.192177 -0.071226 -0.004191 0.997451 1.887537 0.000000 0.000000 0.000000 1.000000
0.988513 0.074526 0.131485 2.241000 -0.078320 0.996641 0.023922 100.430428 -0.129261 -0.033945 0.991029 1.378974 0.000000 0.000000 0.000000 1.000000
0.980935 0.072888 0.180151 2.373697 -0.081846 0.995726 0.042788 100.119408 -0.176262 -0.056717 0.982708 1.109600 0.000000 0.000000 0.000000 1.000000
0.973877 0.070840 0.215745 2.474633 -0.081979 0.995701 0.043115 100.383270 -0.211764 -0.059675 0.975497 1.110436 0.000000 0.000000 0.000000 1.000000
0.968711 0.069606 0.238229 2.644097 -0.077151 0.996766 0.022484 101.096451 -0.235894 -0.040161 0.970949 1.282011 0.000000 0.000000 0.000000 1.000000
0.966364 0.068469 0.247896 2.855613 -0.069032 0.997594 -0.006429 102.010101 -0.247740 -0.010900 0.968765 1.460886 0.000000 0.000000 0.000000 1.000000
0.966547 0.066483 0.247725 3.013871 -0.060536 0.997667 -0.031557 102.746376 -0.249245 0.015505 0.968316 1.470849 0.000000 0.000000 0.000000 1.000000
0.967917 0.065033 0.242710 3.097317 -0.054841 0.997316 -0.048520 102.927284 -0.245213 0.033653 0.968885 1.250157 0.000000 0.000000 0.000000 1.000000
0.968844 0.062942 0.239539 3.144368 -0.051591 0.997241 -0.053373 102.468346 -0.242237 0.039352 0.969419 0.873952 0.000000 0.000000 0.000000 1.000000
0.968222 0.056161 0.243705 3.175744 -0.046885 0.997944 -0.043703 101.644691 -0.245658 0.030888 0.968864 0.361544 0.000000 0.000000 0.000000 1.000000
0.966870 0.047348 0.250841 3.151833 -0.041983 0.998762 -0.026698 100.684464 -0.251794 0.015283 0.967660 -0.315677 0.000000 0.000000 0.000000 1.000000
0.966905 0.047201 0.250732 3.014876 -0.045693 0.998885 -0.011835 99.707169 -0.251011 -0.000014 0.967984 -0.974844 0.000000 0.000000 0.000000 1.000000
0.968385 0.057329 0.242786 2.771616 -0.058900 0.998264 -0.000788 99.032600 -0.242409 -0.013537 0.970080 -1.413102 0.000000 0.000000 0.000000 1.000000
0.970603 0.069004 0.230582 2.490123 -0.071712 0.997420 0.003374 98.808723 -0.229754 -0.019810 0.973047 -1.590401 0.000000 0.000000 0.000000 1.000000
0.975672 0.075740 0.205737 2.200330 -0.076125 0.997080 -0.006054 98.998062 -0.205595 -0.009755 0.978588 -1.509256 0.000000 0.000000 0.000000 1.000000
0.984360 0.075999 0.158930 1.868704 -0.072836 0.997014 -0.025642 99.546349 -0.160404 0.013665 0.986957 -1.208283 0.000000 0.000000 0.000000 1.000000
0.992711 0.071560 0.096976 1.455470 -0.067580 0.996755 -0.043724 100.239899 -0.099791 0.036851 0.994326 -0.836872 0.000000 0.000000 0.000000 1.000000
0.997246 0.066432 0.032983 0.964488 -0.064570 0.996417 -0.054618 100.749168 -0.036493 0.052338 0.997962 -0.575901 0.000000 0.000000 0.000000 1.000000
0.997702 0.061706 -0.027966 0.461792 -0.063279 0.996227 -0.059385 100.864456 0.024196 0.061018 0.997843 -0.511172 0.000000 0.000000 0.000000 1.000000
0.994559 0.056803 -0.087331 0.013436 -0.061998 0.996391 -0.057971 100.539139 0.083723 0.063070 0.994491 -0.638256 0.000000 0.000000 0.000000 1.000000
0.987663 0.054088 -0.146954 -0.373524 -0.061765 0.996927 -0.048186 99.813057 0.143896 0.056668 0.987969 -0.898996 0.000000 0.000000 0.000000 1.000000
0.976988 0.056585 -0.205651 -0.721839 -0.064415 0.997423 -0.031579 98.865692 0.203334 0.044099 0.978116 -1.177932 0.000000 0.000000 0.000000 1.000000
0.963521 0.062194 -0.260308 -1.048909 -0.069118 0.997455 -0.017523 98.102646 0.258555 0.034875 0.965367 -1.334750 0.000000 0.000000 0.000000 1.000000
0.948893 0.064570 -0.308922 -1.378390 -0.073044 0.997201 -0.015932 97.905518 0.307028 0.037683 0.950954 -1.265726 0.000000 0.000000 0.000000 1.000000
0.934584 0.060714 -0.350522 -1.748711 -0.074993 0.996810 -0.027293 98.343498 0.347747 0.051795 0.936157 -0.952294 0.000000 0.000000 0.000000 1.000000
0.920836 0.053011 -0.386331 -2.178998 -0.076743 0.995977 -0.046257 99.170265 0.382325 0.072243 0.921200 -0.470930 0.000000 0.000000 0.000000 1.000000
0.906146 0.044265 -0.420643 -2.628396 -0.080118 0.994467 -0.067940 99.985207 0.415308 0.095265 0.904679 0.021777 0.000000 0.000000 0.000000 1.000000
0.889136 0.036060 -0.456220 -3.016838 -0.084168 0.992771 -0.085568 100.475159 0.449836 0.114481 0.885743 0.325920 0.000000 0.000000 0.000000 1.000000
0.869873 0.031305 -0.492281 -3.275468 -0.087292 0.992003 -0.091165 100.506981 0.485490 0.122274 0.865649 0.315178 0.000000 0.000000 0.000000 1.000000
0.849379 0.033337 -0.526729 -3.384765 -0.089410 0.992667 -0.081352 100.060852 0.520154 0.116194 0.846131 0.011408 0.000000 0.000000 0.000000 1.000000
0.830567 0.043596 -0.555209 -3.377386 -0.091853 0.994002 -0.059357 99.141197 0.549291 0.100298 0.829590 -0.439106 0.000000 0.000000 0.000000 1.000000
0.817840 0.060528 -0.572254 -3.298965 -0.097203 0.994694 -0.033708 97.836502 0.567177 0.083192 0.819384 -0.846787 0.000000 0.000000 0.000000 1.000000
0.812039 0.078856 -0.578251 -3.175791 -0.106720 0.994186 -0.014291 96.510155 0.573763 0.073316 0.815733 -1.090465 0.000000 0.000000 0.000000 1.000000
0.810649 0.090934 -0.578429 -3.064684 -0.115388 0.993305 -0.005557 95.708679 0.574051 0.071249 0.815714 -1.133268 0.000000 0.000000 0.000000 1.000000
0.814357 0.093103 -0.572847 -3.095818 -0.116626 0.993166 -0.004380 95.790672 0.568525 0.070376 0.819650 -0.926647 0.000000 0.000000 0.000000 1.000000
0.825495 0.089809 -0.557219 -3.336459 -0.112621 0.993615 -0.006699 96.755249 0.553060 0.068285 0.830339 -0.438940 0.000000 0.000000 0.000000 1.000000
0.842944 0.085399 -0.531181 -3.645521 -0.109471 0.993892 -0.013932 98.278008 0.526747 0.069893 0.847144 0.236254 0.000000 0.000000 0.000000 1.000000
0.863942 0.079123 -0.497336 -3.799565 -0.107791 0.993746 -0.029149 99.765961 0.491920 0.078792 0.867068 0.842769 0.000000 0.000000 0.000000 1.000000
0.886057 0.070746 -0.458146 -3.701036 -0.104447 0.993342 -0.048611 100.640648 0.451657 0.090924 0.887547 1.116255 0.000000 0.000000 0.000000 1.000000
0.906779 0.065571 -0.416477 -3.383308 -0.099545 0.993200 -0.060363 100.526306 0.409687 0.096194 0.907140 1.023181 0.000000 0.000000 0.000000 1.000000
0.924975 0.068302 -0.373840 -2.912026 -0.094628 0.994127 -0.052504 99.444260 0.368058 0.083941 0.926006 0.691465 0.000000 0.000000 0.000000 1.000000
0.940220 0.076627 -0.331835 -2.338844 -0.090872 0.995480 -0.027602 97.722786 0.328220 0.056107 0.942933 0.171549 0.000000 0.000000 0.000000 1.000000
0.951434 0.083201 -0.296397 -1.747977 -0.088624 0.996053 -0.004884 95.800629 0.294821 0.030915 0.955052 -0.453768 0.000000 0.000000 0.000000 1.000000
0.958450 0.081970 -0.273229 -1.299880 -0.084610 0.996412 0.002126 94.436211 0.272423 0.021080 0.961947 -0.868726 0.000000 0.000000 0.000000 1.000000
0.962781 0.074742 -0.259744 -1.093469 -0.077703 0.996976 -0.001135 94.348671 0.258874 0.021276 0.965677 -0.805924 0.000000 0.000000 0.000000 1.000000
0.966817 0.070237 -0.245625 -1.089394 -0.073896 0.997250 -0.005703 95.631821 0.244549 0.023665 0.969348 -0.295228 0.000000 0.000000 0.000000 1.000000
0.972757 0.070661 -0.220796 -1.171791 -0.076001 0.996983 -0.015774 97.842911 0.219015 0.032125 0.975193 0.446824 0.000000 0.000000 0.000000 1.000000
0.981034 0.067093 -0.181852 -1.195319 -0.075788 0.996269 -0.041289 100.269882 0.178403 0.054288 0.982459 1.133379 0.000000 0.000000 0.000000 1.000000
0.989195 0.059206 -0.134123 -1.048924 -0.069574 0.994830 -0.073981 102.072205 0.129049 0.082513 0.988199 1.437368 0.000000 0.000000 0.000000 1.000000
0.994543 0.057001 -0.087374 -0.722665 -0.064526 0.994215 -0.085867 102.792992 0.081974 0.091036 0.992468 1.292952 0.000000 0.000000 0.000000 1.000000
0.997253 0.059622 -0.043946 -0.340150 -0.062510 0.995754 -0.067582 102.162865 0.039730 0.070144 0.996745 1.017766 0.000000 0.000000 0.000000 1.000000
0.998242 0.059240 -0.001735 0.007174 -0.059260 0.997321 -0.042886 100.413551 -0.000810 0.042914 0.999078 0.938115 0.000000 0.000000 0.000000 1.000000
0.997801 0.056687 0.034359 0.339568 -0.055749 0.998061 -0.027666 98.336983 -0.035860 0.025689 0.999027 0.876138 0.000000 0.000000 0.000000 1.000000
0.996585 0.054893 0.061693 0.676637 -0.054500 0.998481 -0.008044 96.708061 -0.062041 0.004655 0.998063 0.503020 0.000000 0.000000 0.000000 1.000000
0.995148 0.049174 0.085224 1.019108 -0.051297 0.998421 0.022896 96.213882 -0.083964 -0.027156 0.996099 0.181870 0.000000 0.000000 0.000000 1.000000
0.993638 0.040227 0.105189 1.382420 -0.044898 0.998091 0.042420 97.229538 -0.103281 -0.046873 0.993547 0.521877 0.000000 0.000000 0.000000 1.000000
0.992031 0.035005 0.121031 1.778802 -0.038726 0.998843 0.028528 99.138855 -0.119892 -0.032988 0.992239 1.425518 0.000000 0.000000 0.000000 1.000000
0.989573 0.031794 0.140483 2.179802 -0.030596 0.999475 -0.010681 101.129501 -0.140748 0.006271 0.990026 2.223786 0.000000 0.000000 0.000000 1.000000
0.985545 0.025022 0.167557 2.566916 -0.017544 0.998789 -0.045966 102.613167 -0.168505 0.042362 0.984790 2.489204 0.000000 0.000000 0.000000 1.000000
0.981044 0.016642 0.193068 2.976483 -0.005632 0.998333 -0.057435 103.162872 -0.193702 0.055259 0.979503 2.296431 0.000000 0.000000 0.000000 1.000000
0.977863 0.009796 0.209019 3.433618 0.000720 0.998740 -0.050174 102.621529 -0.209247 0.049214 0.976624 1.974277 0.000000 0.000000 0.000000 1.000000
0.975138 0.000952 0.221596 3.953169 0.007045 0.999352 -0.035298 101.416023 -0.221486 0.035982 0.974499 1.707566 0.000000 0.000000 0.000000 1.000000
0.970004 -0.017518 0.242455 4.508845 0.021748 0.999654 -0.014781 100.173637 -0.242112 0.019611 0.970050 1.412867 0.000000 0.000000 0.000000 1.000000
0.961420 -0.038551 0.272369 5.063843 0.038570 0.999242 0.005287 99.297577 -0.272366 0.005422 0.962178 1.028329 0.000000 0.000000 0.000000 1.000000
0.952548 -0.054041 0.299553 5.537386 0.050901 0.998536 0.018280 98.876480 -0.300103 -0.002165 0.953904 0.726658 0.000000 0.000000 0.000000 1.000000
0.946610 -0.069257 0.314854 5.876221 0.062539 0.997548 0.031403 98.903976 -0.316257 -0.010036 0.948620 0.622566 0.000000 0.000000 0.000000 1.000000
0.942206 -0.086240 0.323743 6.120885 0.075577 0.996106 0.045392 99.306244 -0.326397 -0.018302 0.945055 0.684958 0.000000 0.000000 0.000000 1.000000
0.937633 -0.091417 0.335391 6.350318 0.080946 0.995698 0.045099 99.903519 -0.338071 -0.015137 0.940999 0.890565 0.000000 0.000000 0.000000 1.000000
0.934848 -0.075268 0.346979 6.546155 0.069427 0.997158 0.029254 100.589500 -0.348195 -0.003258 0.937417 1.202363 0.000000 0.000000 0.000000 1.000000
0.935984 -0.051403 0.348269 6.625607 0.049728 0.998668 0.013753 101.250336 -0.348512 0.004446 0.937294 1.527092 0.000000 0.000000 0.000000 1.000000
0.940614 -0.029886 0.338159 6.334558 0.030630 0.999526 0.003136 101.745399 -0.338093 0.007408 0.941084 1.794161 0.000000 0.000000 0.000000 1.000000
0.946126 -0.015088 0.323447 5.707686 0.017205 0.999845 -0.003686 101.967194 -0.323341 0.009052 0.946239 1.903821 0.000000 0.000000 0.000000 1.000000
0.950601 -0.008726 0.310293 4.806998 0.009454 0.999955 -0.000845 101.954086 -0.310271 0.003737 0.950641 1.933061 0.000000 0.000000 0.000000 1.000000
0.954648 -0.011885 0.297498 3.742332 0.008591 0.999887 0.012375 101.785126 -0.297612 -0.009258 0.954642 2.006059 0.000000 0.000000 0.000000 1.000000
0.959971 -0.018675 0.279475 2.654992 0.011883 0.999592 0.025978 101.469437 -0.279846 -0.021617 0.959801 2.152836 0.000000 0.000000 0.000000 1.000000
0.966498 -0.015334 0.256216 1.660604 0.006306 0.999331 0.036020 100.883331 -0.256597 -0.033198 0.965948 2.299473 0.000000 0.000000 0.000000 1.000000
0.971880 0.011220 0.235209 0.805836 -0.022567 0.998705 0.045606 100.318512 -0.234393 -0.049632 0.970874 2.368173 0.000000 0.000000 0.000000 1.000000
0.973659 0.053589 0.221623 0.078138 -0.066394 0.996503 0.050733 99.748985 -0.218129 -0.064111 0.973812 2.316705 0.000000 0.000000 0.000000 1.000000
0.974099 0.087647 0.208442 -0.597000 -0.099175 0.994030 0.045490 99.393883 -0.203211 -0.064984 0.976976 2.201722 0.000000 0.000000 0.000000 1.000000
0.977272 0.100717 0.186535 -1.273082 -0.108958 0.993450 0.034440 99.333160 -0.181844 -0.053982 0.981845 2.140351 0.000000 0.000000 0.000000 1.000000
0.982059 0.098121 0.161035 -1.863867 -0.103582 0.994285 0.025855 99.468285 -0.157577 -0.042072 0.986610 2.186972 0.000000 0.000000 0.000000 1.000000
0.985661 0.089741 0.142894 -2.230068 -0.093150 0.995501 0.017333 99.602928 -0.140696 -0.030395 0.989586 2.338560 0.000000 0.000000 0.000000 1.000000
0.987343 0.086232 0.133107 -2.386001 -0.087581 0.996148 0.004303 99.754440 -0.132224 -0.015906 0.991092 2.419104 0.000000 0.000000 0.000000 1.000000
0.988228 0.088862 0.124537 -2.497252 -0.088971 0.996023 -0.004696 99.927238 -0.124459 -0.006440 0.992204 2.262651 0.000000 0.000000 0.000000 1.000000
0.989175 0.091397 0.114799 -2.522838 -0.090719 0.995814 -0.011123 100.082367 -0.115335 0.000588 0.993327 2.141772 0.000000 0.000000 0.000000 1.000000
0.990165 0.092958 0.104557 -2.446841 -0.091833 0.995653 -0.015526 100.224365 -0.105546 0.005772 0.994398 2.089485 0.000000 0.000000 0.000000 1.000000
0.991079 0.094361 0.094120 -2.259584 -0.093013 0.995491 -0.018614 100.350235 -0.095452 0.009693 0.995387 2.065179 0.000000 0.000000 0.000000 1.000000
0.991825 0.096240 0.083786 -1.978498 -0.094813 0.995277 -0.020851 100.455666 -0.085397 0.012736 0.996266 2.043621 0.000000 0.000000 0.000000 1.000000
0.992419 0.098147 0.073972 -1.636592 -0.096745 0.995059 -0.022324 100.549492 -0.075798 0.014998 0.997010 2.024781 0.000000 0.000000 0.000000 1.000000
0.992896 0.099603 0.065094 -1.269137 -0.098286 0.994889 -0.023128 100.640396 -0.067065 0.016565 0.997611 2.009187 0.000000 0.000000 0.000000 1.000000
0.993287 0.100314 0.057601 -0.910307 -0.099122 0.994805 -0.023199 100.731186 -0.059629 0.017334 0.998070 1.994353 0.000000 0.000000 0.000000 1.000000
0.993534 0.100830 0.052182 -0.609971 -0.099852 0.994780 -0.021017 100.826683 -0.054029 0.015670 0.998416 1.922751 0.000000 0.000000 0.000000 1.000000
0.993717 0.101132 0.047937 -0.366261 -0.100397 0.994794 -0.017503 100.925644 -0.049457 0.012580 0.998697 1.821964 0.000000 0.000000 0.000000 1.000000
0.993956 0.100741 0.043614 -0.106008 -0.100207 0.994864 -0.014262 101.020401 -0.044827 0.009805 0.998947 1.749495 0.000000 0.000000 0.000000 1.000000
0.994255 0.099607 0.039190 0.114494 -0.099257 0.995003 -0.010791 101.112488 -0.040069 0.006839 0.999174 1.692903 0.000000 0.000000 0.000000 1.000000
0.994524 0.098317 0.035428 0.239788 -0.098111 0.995147 -0.007527 101.202042 -0.035996 0.004010 0.999344 1.647046 0.000000 0.000000 0.000000 1.000000
0.994701 0.097410 0.032869 0.324032 -0.097291 0.995242 -0.005214 101.285431 -0.033221 0.001989 0.999446 1.615758 0.000000 0.000000 0.000000 1.000000
0.994841 0.096622 0.030914 0.385000 -0.096566 0.995321 -0.003301 101.362091 -0.031088 0.000298 0.999517 1.594501 0.000000 0.000000 0.000000 1.000000
0.994958 0.095890 0.029378 0.426866 -0.095884 0.995391 -0.001644 101.431396 -0.029400 -0.001181 0.999567 1.580516 0.000000 0.000000 0.000000 1.000000
0.995056 0.095228 0.028213 0.453310 -0.095259 0.995452 -0.000243 101.492401 -0.028108 -0.002446 0.999602 1.571808 0.000000 0.000000 0.000000 1.000000
0.995134 0.094651 0.027370 0.468034 -0.094711 0.995504 0.000902 101.544174 -0.027162 -0.003490 0.999625 1.566389 0.000000 0.000000 0.000000 1.000000
0.995184 0.094265 0.026899 0.473866 -0.094343 0.995538 0.001624 101.577812 -0.026626 -0.004154 0.999637 1.563132 0.000000 0.000000 0.000000 1.000000
0.995204 0.094098 0.026722 0.475397 -0.094183 0.995553 0.001923 101.591919 -0.026422 -0.004431 0.999641 1.561502 0.000000 0.000000 0.000000 1.000000
0.995219 0.093975 0.026604 0.476221 -0.094065 0.995564 0.002136 101.602043 -0.026285 -0.004628 0.999644 1.560074 0.000000 0.000000 0.000000 1.000000
0.995235 0.093840 0.026493 0.477041 -0.093935 0.995576 0.002362 101.613045 -0.026154 -0.004839 0.999646 1.558295 0.000000 0.000000 0.000000 1.000000
0.995244 0.093771 0.026401 0.477906 -0.093871 0.995581 0.002566 101.623047 -0.026044 -0.005032 0.999648 1.556587 0.000000 0.000000 0.000000 1.000000
0.995244 0.093768 0.026403 0.478851 -0.093872 0.995581 0.002725 101.630836 -0.026031 -0.005191 0.999648 1.555222 0.000000 0.000000 0.000000 1.000000</float_array>
        <technique_common>
          <accessor source="#mixamorig_Hips-Matrix-animation-output-transform-array" count="198" stride="16">
            <param type="float4x4"/>
          </accessor>
        </technique_common>
      </source>
      <source id="mixamorig_Hips-Interpolations">
        <Name_array id="mixamorig_Hips-Interpolations-array" count="198">
 LINEAR LINEAR LINEAR LINEAR LINEAR LINEAR LINEAR LINEAR LINEAR LINEAR LINEAR
LINEAR LINEAR LINEAR LINEAR LINEAR LINEAR LINEAR LINEAR LINEAR LINEAR LINEAR LINEAR
LINEAR LINEAR LINEAR LINEAR LINEAR LINEAR LINEAR LINEAR LINEAR LINEAR LINEAR LINEAR
LINEAR LINEAR LINEAR LINEAR LINEAR LINEAR LINEAR LINEAR LINEAR LINEAR LINEAR LINEAR
LINEAR LINEAR LINEAR LINEAR LINEAR LINEAR LINEAR LINEAR LINEAR LINEAR LINEAR LINEAR
LINEAR LINEAR LINEAR LINEAR LINEAR LINEAR LINEAR LINEAR LINEAR LINEAR LINEAR LINEAR
LINEAR LINEAR LINEAR LINEAR LINEAR LINEAR LINEAR LINEAR LINEAR LINEAR LINEAR LINEAR
LINEAR LINEAR LINEAR LINEAR LINEAR LINEAR LINEAR LINEAR LINEAR LINEAR LINEAR LINEAR
LINEAR LINEAR LINEAR LINEAR LINEAR LINEAR LINEAR LINEAR LINEAR LINEAR LINEAR LINEAR
LINEAR LINEAR LINEAR LINEAR LINEAR LINEAR LINEAR LINEAR LINEAR LINEAR LINEAR LINEAR
LINEAR LINEAR LINEAR LINEAR LINEAR LINEAR LINEAR LINEAR LINEAR LINEAR LINEAR LINEAR
LINEAR LINEAR LINEAR LINEAR LINEAR LINEAR LINEAR LINEAR LINEAR LINEAR LINEAR LINEAR
LINEAR LINEAR LINEAR LINEAR LINEAR LINEAR LINEAR LINEAR LINEAR LINEAR LINEAR LINEAR
LINEAR LINEAR LINEAR LINEAR LINEAR LINEAR LINEAR LINEAR LINEAR LINEAR LINEAR LINEAR
LINEAR LINEAR LINEAR LINEAR LINEAR LINEAR LINEAR LINEAR LINEAR LINEAR LINEAR LINEAR
LINEAR LINEAR LINEAR LINEAR LINEAR LINEAR LINEAR LINEAR LINEAR LINEAR LINEAR LINEAR
LINEAR LINEAR LINEAR LINEAR LINEAR LINEAR LINEAR</Name_array>
        <technique_common>
          <accessor source="#mixamorig_Hips-Interpolations-array" count="198">
            <param type="name"/>
          </accessor>
        </technique_common>
      </source>
      <sampler id="mixamorig_Hips-Matrix-animation-transform">
        <input semantic="INPUT" source="#mixamorig_Hips-Matrix-animation-input"/>
        <input semantic="OUTPUT" source="#mixamorig_Hips-Matrix-animation-output-transform"/>
        <input semantic="INTERPOLATION" source="#mixamorig_Hips-Interpolations"/>
      </sampler>
      <channel source="#mixamorig_Hips-Matrix-animation-transform" target="mixamorig_Hips/matrix"/>
    </animation>
    <animation id="mixamorig_Spine-anim" name="mixamorig_Spine">
      <source id="mixamorig_Spine-Matrix-animation-input">
        <float_array id="mixamorig_Spine-Matrix-animation-input-array" count="198">

0.000000 0.033333 0.066667 0.100000 0.133333 0.166667 0.200000 0.233333 0.266667 0.300000 0.333333 0.366667 0.400000 0.433333 0.466667 0.500000
0.533333 0.566667 0.600000 0.633333 0.666667 0.700000 0.733333 0.766667 0.800000 0.833333 0.866667 0.900000 0.933333 0.966667 1.000000 1.033333
1.066667 1.100000 1.133333 1.166667 1.200000 1.233333 1.266667 1.300000 1.333333 1.366667 1.400000 1.433333 1.466667 1.500000 1.533333 1.566667
1.600000 1.633333 1.666667 1.700000 1.733333 1.766667 1.800000 1.833333 1.866667 1.900000 1.933333 1.966667 2.000000 2.033333 2.066667 2.100000
2.133333 2.166667 2.200000 2.233333 2.266667 2.300000 2.333333 2.366667 2.400000 2.433333 2.466667 2.500000 2.533333 2.566667 2.600000 2.633333
2.666667 2.700000 2.733333 2.766667 2.800000 2.833333 2.866667 2.900000 2.933333 2.966667 3.000000 3.033333 3.066667 3.100000 3.133333 3.166667
3.200000 3.233333 3.266667 3.300000 3.333333 3.366667 3.400000 3.433333 3.466667 3.500000 3.533333 3.566667 3.600000 3.633333 3.666667 3.700000
3.733333 3.766667 3.800000 3.833333 3.866667 3.900000 3.933333 3.966667 4.000000 4.033333 4.066667 4.100000 4.133333 4.166667 4.200000 4.233333
4.266667 4.300000 4.333333 4.366667 4.400000 4.433333 4.466667 4.500000 4.533333 4.566667 4.600000 4.633333 4.666667 4.700000 4.733333 4.766667
4.800000 4.833333 4.866667 4.900000 4.933333 4.966667 5.000000 5.033333 5.066667 5.100000 5.133333 5.166667 5.200000 5.233333 5.266667 5.300000
5.333333 5.366667 5.400000 5.433333 5.466667 5.500000 5.533333 5.566667 5.600000 5.633333 5.666667 5.700000 5.733333 5.766667 5.800000 5.833333
5.866667 5.900000 5.933333 5.966667 6.000000 6.033333 6.066667 6.100000 6.133333 6.166667 6.200000 6.233333 6.266667 6.300000 6.333333 6.366667
6.400000 6.433333 6.466667 6.500000 6.533333 6.566667</float_array>
        <technique_common>
          <accessor source="#mixamorig_Spine-Matrix-animation-input-array" count="198">
            <param name="TIME" type="float"/>
          </accessor>
        </technique_common>
      </source>
      <source id="mixamorig_Spine-Matrix-animation-output-transform">
        <float_array id="mixamorig_Spine-Matrix-animation-output-transform-array" count="3168">

0.998396 -0.048972 -0.028409 0.000000 0.052423 0.989156 0.137192 10.182400 0.021382 -0.138461 0.990137 0.000000 0.000000 0.000000 0.000000 1.000000
0.998391 -0.049019 -0.028517 0.000000 0.052613 0.988303 0.143141 10.182400 0.021167 -0.144411 0.989291 -0.000000 0.000000 0.000000 0.000000 1.000000
0.998499 -0.047490 -0.027292 0.000000 0.050980 0.987966 0.146025 10.182400 0.020029 -0.147197 0.988904 0.000000 0.000000 0.000000 0.000000 1.000000
0.998714 -0.044381 -0.024516 0.000000 0.047430 0.988674 0.142384 10.182400 0.017919 -0.143364 0.989508 0.000000 0.000000 0.000000 0.000000 1.000000
0.999021 -0.039655 -0.019635 0.000000 0.041898 0.990428 0.131516 10.182400 0.014232 -0.132209 0.991120 0.000000 0.000000 0.000000 0.000000 1.000000
0.999362 -0.033587 -0.012175 0.000000 0.034770 0.992694 0.115544 10.182400 0.008205 -0.115893 0.993228 -0.000000 0.000000 0.000000 0.000000 1.000000
0.999622 -0.027435 -0.001993 0.000000 0.027500 0.995017 0.095837 10.182400 -0.000646 -0.095856 0.995395 0.000000 0.000000 0.000000 0.000000 1.000000
0.999688 -0.022777 0.010285 0.000000 0.022004 0.997313 0.069878 10.182400 -0.011849 -0.069630 0.997503 0.000000 0.000000 0.000000 0.000000 1.000000
0.999545 -0.020471 0.022156 -0.000000 0.019689 0.999195 0.034956 10.182400 -0.022854 -0.034504 0.999143 0.000000 0.000000 0.000000 0.000000 1.000000
0.999245 -0.024531 0.030132 0.000000 0.024753 0.999669 -0.007015 10.182400 -0.029949 0.007756 0.999521 -0.000000 0.000000 0.000000 0.000000 1.000000
0.998389 -0.045132 0.034398 0.000000 0.046925 0.997480 -0.053221 10.182400 -0.031909 0.054750 0.997990 0.000000 0.000000 0.000000 0.000000 1.000000
0.995650 -0.084335 0.039605 0.000000 0.087894 0.991204 -0.098943 10.182400 -0.030912 0.101994 0.994305 0.000000 0.000000 0.000000 0.000000 1.000000
0.991656 -0.120398 0.046079 -0.000000 0.125402 0.983775 -0.128297 10.182400 -0.029885 0.133005 0.990665 0.000000 0.000000 0.000000 0.000000 1.000000
0.990752 -0.126762 0.048396 0.000000 0.132007 0.982986 -0.127721 10.182400 -0.031383 0.132928 0.990629 -0.000000 0.000000 0.000000 0.000000 1.000000
0.992951 -0.107240 0.050471 -0.000000 0.111967 0.988390 -0.102707 10.182400 -0.038871 0.107634 0.993430 0.000000 0.000000 0.000000 0.000000 1.000000
0.994641 -0.084538 0.059522 0.000000 0.088290 0.994069 -0.063500 10.182400 -0.053801 0.068414 0.996205 0.000000 0.000000 0.000000 0.000000 1.000000
0.994708 -0.071110 0.074159 0.000000 0.072355 0.997277 -0.014245 10.182400 -0.072944 0.019535 0.997145 0.000000 0.000000 0.000000 0.000000 1.000000
0.993345 -0.067120 0.093598 0.000000 0.064085 0.997328 0.035059 10.182400 -0.095701 -0.028828 0.994993 -0.000000 0.000000 0.000000 0.000000 1.000000
