<?xml version="1.0" encoding="utf-8"?>
<COLLADA xmlns="http://www.collada.org/2005/11/COLLADASchema" version="1.4.1">
  <asset>
    <contributor>
      <author>Mixamo</author>
      <authoring_tool>COLLADA Mixamo exporter</authoring_tool>
      <comments/>
    </contributor>
    <created>2024-05-03T13:19:08Z</created>
    <modified>2024-05-03T13:19:08Z</modified>
    <revision/>
    <title/>
    <unit meter="0.010000"/>
    <up_axis>Y_UP</up_axis>
  </asset>
  <library_animations>
    <animation id="mixamorig_Hips-anim" name="mixamorig_Hips">
      <source id="mixamorig_Hips-Matrix-animation-input">
        <float_array id="mixamorig_Hips-Matrix-animation-input-array" count="135">

0.000000 0.033333 0.066667 0.100000 0.133333 0.166667 0.200000 0.233333 0.266667 0.300000 0.333333 0.366667 0.400000 0.433333 0.466667 0.500000
0.533333 0.566667 0.600000 0.633333 0.666667 0.700000 0.733333 0.766667 0.800000 0.833333 0.866667 0.900000 0.933333 0.966667 1.000000 1.033333
1.066667 1.100000 1.133333 1.166667 1.200000 1.233333 1.266667 1.300000 1.333333 1.366667 1.400000 1.433333 1.466667 1.500000 1.533333 1.566667
1.600000 1.633333 1.666667 1.700000 1.733333 1.766667 1.800000 1.833333 1.866667 1.900000 1.933333 1.966667 2.000000 2.033333 2.066667 2.100000
2.133333 2.166667 2.200000 2.233333 2.266667 2.300000 2.333333 2.366667 2.400000 2.433333 2.466667 2.500000 2.533333 2.566667 2.600000 2.633333
2.666667 2.700000 2.733333 2.766667 2.800000 2.833333 2.866667 2.900000 2.933333 2.966667 3.000000 3.033333 3.066667 3.100000 3.133333 3.166667
3.200000 3.233333 3.266667 3.300000 3.333333 3.366667 3.400000 3.433333 3.466667 3.500000 3.533333 3.566667 3.600000 3.633333 3.666667 3.700000
3.733333 3.766667 3.800000 3.833333 3.866667 3.900000 3.933333 3.966667 4.000000 4.033333 4.066667 4.100000 4.133333 4.166667 4.200000 4.233333
4.266667 4.300000 4.333333 4.366667 4.400000 4.433333 4.466667</float_array>
        <technique_common>
          <accessor source="#mixamorig_Hips-Matrix-animation-input-array" count="135">
            <param name="TIME" type="float"/>
          </accessor>
        </technique_common>
      </source>
      <source id="mixamorig_Hips-Matrix-animation-output-transform">
        <float_array id="mixamorig_Hips-Matrix-animation-output-transform-array" count="2160">

0.976391 0.187005 0.108123 -19.064541 -0.150968 0.948753 -0.277625 95.991867 -0.154500 0.254748 0.954586 -1.881176 0.000000 0.000000 0.000000 1.000000
0.973765 0.192044 0.122072 -18.745501 -0.148540 0.942825 -0.298356 96.226448 -0.172390 0.272395 0.946616 -1.556115 0.000000 0.000000 0.000000 1.000000
0.968156 0.189530 0.163560 -18.457642 -0.135946 0.946633 -0.292239 96.166290 -0.210220 0.260698 0.942255 -1.072702 0.000000 0.000000 0.000000 1.000000
0.958704 0.191934 0.209874 -18.105093 -0.134989 0.956611 -0.258212 95.454956 -0.250327 0.219218 0.943016 -0.859365 0.000000 0.000000 0.000000 1.000000
0.954008 0.213040 0.210908 -17.737230 -0.165567 0.960946 -0.221744 94.747810 -0.249911 0.176627 0.952023 -1.108163 0.000000 0.000000 0.000000 1.000000
0.958351 0.228585 0.171206 -17.400576 -0.194996 0.961723 -0.192522 94.797379 -0.208661 0.151120 0.966242 -1.253261 0.000000 0.000000 0.000000 1.000000
0.967275 0.218040 0.129759 -16.838335 -0.194096 0.965236 -0.175063 95.823990 -0.163419 0.144149 0.975969 -0.865882 0.000000 0.000000 0.000000 1.000000
0.977759 0.182088 0.104072 -15.642307 -0.163818 0.972905 -0.163156 97.642319 -0.130961 0.142478 0.981096 -0.048788 0.000000 0.000000 0.000000 1.000000
0.988608 0.134925 0.066709 -13.680461 -0.123876 0.981110 -0.148585 99.800018 -0.085497 0.138628 0.986647 1.005687 0.000000 0.000000 0.000000 1.000000
0.995868 0.090788 0.002335 -11.052618 -0.089621 0.986583 -0.136460 101.818138 -0.014692 0.135686 0.990643 2.090962 0.000000 0.000000 0.000000 1.000000
0.996672 0.055929 -0.059310 -8.064865 -0.063625 0.988522 -0.137024 103.470177 0.050966 0.140342 0.988791 2.867522 0.000000 0.000000 0.000000 1.000000
0.995651 0.026909 -0.089186 -5.109417 -0.040091 0.987950 -0.149491 104.633339 0.084089 0.152417 0.984733 3.201554 0.000000 0.000000 0.000000 1.000000
0.996248 0.005600 -0.086362 -2.099658 -0.019854 0.986078 -0.165092 104.907173 0.084235 0.166187 0.982490 3.299042 0.000000 0.000000 0.000000 1.000000
0.997794 -0.008638 -0.065827 1.219423 -0.003183 0.984137 -0.177382 104.489769 0.066315 0.177200 0.981938 3.385442 0.000000 0.000000 0.000000 1.000000
0.998725 -0.018901 -0.046802 4.986257 0.009812 0.982254 -0.187301 103.661827 0.049512 0.186603 0.981187 3.568896 0.000000 0.000000 0.000000 1.000000
0.998559 -0.025689 -0.047118 9.013813 0.015788 0.979752 -0.199590 102.453308 0.051291 0.198559 0.978746 3.774655 0.000000 0.000000 0.000000 1.000000
0.996920 -0.023280 -0.074890 12.943477 0.006693 0.976697 -0.214520 101.112167 0.078139 0.213358 0.973844 3.751820 0.000000 0.000000 0.000000 1.000000
0.992870 -0.020857 -0.117366 16.298986 -0.006512 0.973614 -0.228108 99.723793 0.119027 0.227246 0.966536 3.287241 0.000000 0.000000 0.000000 1.000000
0.988274 -0.031044 -0.149503 18.785355 -0.005296 0.971556 -0.236751 98.308418 0.152600 0.234767 0.959999 2.387695 0.000000 0.000000 0.000000 1.000000
0.987041 -0.053445 -0.151304 20.477291 0.016455 0.971645 -0.235872 96.869987 0.159620 0.230326 0.959933 1.378336 0.000000 0.000000 0.000000 1.000000
0.989538 -0.077299 -0.121819 21.599312 0.049060 0.974326 -0.219733 95.692085 0.135676 0.211458 0.967924 0.657312 0.000000 0.000000 0.000000 1.000000
0.992393 -0.093569 -0.080004 22.312862 0.076946 0.978723 -0.190210 94.894135 0.096100 0.182607 0.978478 0.210128 0.000000 0.000000 0.000000 1.000000
0.993436 -0.104024 -0.047590 22.749146 0.094957 0.981879 -0.164002 94.391953 0.063788 0.158406 0.985311 -0.315086 0.000000 0.000000 0.000000 1.000000
0.992835 -0.116288 -0.027497 23.044027 0.110353 0.980546 -0.162335 94.233673 0.045839 0.158137 0.986353 -1.024548 0.000000 0.000000 0.000000 1.000000
0.990242 -0.138861 -0.011742 23.389757 0.134030 0.972077 -0.192620 94.312393 0.038162 0.189167 0.981203 -1.782057 0.000000 0.000000 0.000000 1.000000
0.986072 -0.166276 -0.003839 23.907047 0.160244 0.955974 -0.245837 94.472374 0.044547 0.241797 0.969304 -2.487725 0.000000 0.000000 0.000000 1.000000
0.982704 -0.184406 -0.016963 24.469248 0.170516 0.936787 -0.305539 94.739021 0.072234 0.297362 0.952028 -3.111982 0.000000 0.000000 0.000000 1.000000
0.980742 -0.188549 -0.050929 24.819782 0.158646 0.921180 -0.355330 95.149147 0.113912 0.340408 0.933352 -3.523573 0.000000 0.000000 0.000000 1.000000
0.978767 -0.188086 -0.081476 24.883293 0.143051 0.911478 -0.385674 95.507927 0.146804 0.365830 0.919030 -3.631276 0.000000 0.000000 0.000000 1.000000
0.978960 -0.184185 -0.087829 24.788824 0.134984 0.907325 -0.398173 95.654121 0.153027 0.377939 0.913096 -3.493816 0.000000 0.000000 0.000000 1.000000
0.981743 -0.172953 -0.079176 24.594337 0.127593 0.907488 -0.400232 95.597847 0.141073 0.382823 0.912987 -3.263752 0.000000 0.000000 0.000000 1.000000
0.985192 -0.154184 -0.074999 24.089924 0.112356 0.910971 -0.396873 95.689423 0.129513 0.382570 0.914804 -2.972609 0.000000 0.000000 0.000000 1.000000
0.987297 -0.142195 -0.070882 23.188812 0.104289 0.916557 -0.386066 96.090019 0.119864 0.373769 0.919744 -2.617594 0.000000 0.000000 0.000000 1.000000
0.988598 -0.140254 -0.054794 22.114258 0.111246 0.925536 -0.361950 96.670242 0.101478 0.351727 0.930586 -2.051171 0.000000 0.000000 0.000000 1.000000
0.988877 -0.142822 -0.041523 21.354584 0.122132 0.939054 -0.321344 96.922218 0.084887 0.312698 0.946052 -1.142118 0.000000 0.000000 0.000000 1.000000
0.986866 -0.149392 -0.061462 21.023104 0.127845 0.954853 -0.268164 96.487335 0.098749 0.256785 0.961411 0.028635 0.000000 0.000000 0.000000 1.000000
0.979042 -0.164860 -0.119571 20.823427 0.136985 0.967539 -0.212377 95.686668 0.150702 0.191546 0.969845 1.113330 0.000000 0.000000 0.000000 1.000000
0.966225 -0.184474 -0.179941 20.515078 0.155906 0.974428 -0.161811 94.917664 0.205189 0.128292 0.970278 1.772846 0.000000 0.000000 0.000000 1.000000
0.961155 -0.191767 -0.198510 19.889553 0.170184 0.977985 -0.120761 94.711655 0.217297 0.082287 0.972631 2.082905 0.000000 0.000000 0.000000 1.000000
0.969599 -0.176454 -0.169533 18.938080 0.161772 0.982056 -0.096936 95.239410 0.183595 0.066564 0.980746 2.331380 0.000000 0.000000 0.000000 1.000000
0.982050 -0.145036 -0.120591 17.691874 0.133523 0.986123 -0.098653 96.417007 0.133226 0.080780 0.987788 2.753651 0.000000 0.000000 0.000000 1.000000
0.991034 -0.109171 -0.077028 16.046461 0.099567 0.987878 -0.119095 98.013184 0.089096 0.110358 0.989890 3.420035 0.000000 0.000000 0.000000 1.000000
0.996342 -0.075122 -0.040739 13.856097 0.068957 0.988309 -0.135978 99.968933 0.050477 0.132672 0.989874 4.194114 0.000000 0.000000 0.000000 1.000000
0.998812 -0.048733 -0.000475 11.227607 0.048187 0.988981 -0.139980 101.861679 0.007292 0.139790 0.990154 4.887018 0.000000 0.000000 0.000000 1.000000
0.998393 -0.036950 0.042973 8.389434 0.042592 0.989405 -0.138794 103.288155 -0.037390 0.140401 0.989388 5.461494 0.000000 0.000000 0.000000 1.000000
0.996986 -0.030119 0.071498 5.492387 0.040043 0.989099 -0.141704 104.036186 -0.066450 0.144140 0.987324 5.962485 0.000000 0.000000 0.000000 1.000000
0.997101 -0.017298 0.074094 2.435080 0.028297 0.988270 -0.150072 104.171486 -0.070629 0.151734 0.985895 6.352611 0.000000 0.000000 0.000000 1.000000
0.997904 -0.002479 0.064661 -0.983934 0.012764 0.987174 -0.159139 103.867706 -0.063437 0.159630 0.985136 6.534825 0.000000 0.000000 0.000000 1.000000
0.997678 0.009654 0.067419 -4.669119 0.001630 0.986236 -0.165337 103.305626 -0.068087 0.165063 0.983930 6.387813 0.000000 0.000000 0.000000 1.000000
0.995551 0.014626 0.093084 -8.369891 0.001059 0.986080 -0.166266 102.586441 -0.094220 0.165624 0.981678 5.872660 0.000000 0.000000 0.000000 1.000000
0.990823 0.011892 0.134643 -11.896765 0.009743 0.987247 -0.158896 101.761581 -0.134816 0.158750 0.978071 5.035360 0.000000 0.000000 0.000000 1.000000
0.983123 0.004499 0.182893 -15.133187 0.021933 0.989590 -0.142237 100.838638 -0.181629 0.143847 0.972789 4.087244 0.000000 0.000000 0.000000 1.000000
0.972579 0.003251 0.232549 -17.861387 0.025916 0.992160 -0.122261 99.633629 -0.231123 0.124936 0.964869 3.337255 0.000000 0.000000 0.000000 1.000000
0.961541 0.021922 0.273787 -19.912104 0.008772 0.993850 -0.110384 98.010796 -0.274523 0.108541 0.955435 2.964036 0.000000 0.000000 0.000000 1.000000
0.955051 0.062177 0.289847 -21.392401 -0.029431 0.992813 -0.115999 96.178986 -0.294976 0.102254 0.950017 2.838358 0.000000 0.000000 0.000000 1.000000
0.955803 0.115021 0.270576 -22.441139 -0.078943 0.986905 -0.140666 94.584724 -0.283213 0.113089 0.952366 2.671937 0.000000 0.000000 0.000000 1.000000
0.960354 0.166580 0.223541 -23.165840 -0.127554 0.975548 -0.178984 93.566521 -0.247890 0.143375 0.958120 2.294153 0.000000 0.000000 0.000000 1.000000
0.962929 0.212061 0.166727 -23.655321 -0.172089 0.958876 -0.225705 93.341850 -0.207734 0.188646 0.959823 1.686934 0.000000 0.000000 0.000000 1.000000
0.959855 0.254330 0.118298 -24.039726 -0.213942 0.936564 -0.277627 93.757355 -0.181403 0.241172 0.953378 0.883823 0.000000 0.000000 0.000000 1.000000
0.951905 0.291135 0.095488 -24.307539 -0.245535 0.911257 -0.330640 94.404549 -0.183275 0.291292 0.938914 -0.006859 0.000000 0.000000 0.000000 1.000000
0.945191 0.308850 0.105949 -24.344324 -0.248293 0.890585 -0.381063 95.041145 -0.212048 0.333871 0.918458 -0.697450 0.000000 0.000000 0.000000 1.000000
0.940266 0.312269 0.135604 -24.506617 -0.229544 0.875672 -0.424862 95.034752 -0.251416 0.368356 0.895044 -1.162970 0.000000 0.000000 0.000000 1.000000
0.940456 0.301422 0.157123 -25.040234 -0.201483 0.866604 -0.456510 94.598389 -0.273766 0.397670 0.875734 -1.584986 0.000000 0.000000 0.000000 1.000000
0.947945 0.274931 0.160668 -25.499481 -0.171599 0.866067 -0.469555 94.664581 -0.268244 0.417542 0.868161 -1.985066 0.000000 0.000000 0.000000 1.000000
0.952902 0.258331 0.158881 -25.768282 -0.159003 0.871652 -0.463616 95.094589 -0.258255 0.416518 0.871675 -2.539128 0.000000 0.000000 0.000000 1.000000
0.950516 0.255349 0.176965 -25.775030 -0.153530 0.881273 -0.446974 95.742828 -0.270089 0.397687 0.876868 -3.125152 0.000000 0.000000 0.000000 1.000000
0.941526 0.254719 0.220560 -25.525257 -0.142346 0.894013 -0.424828 96.633774 -0.305395 0.368591 0.877995 -3.447363 0.000000 0.000000 0.000000 1.000000
0.931340 0.239332 0.274457 -25.165522 -0.116892 0.910289 -0.397127 97.831955 -0.344880 0.337778 0.875765 -3.292006 0.000000 0.000000 0.000000 1.000000
0.918934 0.220382 0.327096 -25.028725 -0.093329 0.927276 -0.362560 98.557594 -0.383210 0.302641 0.872673 -2.877173 0.000000 0.000000 0.000000 1.000000
0.899783 0.205513 0.384909 -25.049484 -0.077232 0.943219 -0.323067 98.504379 -0.429448 0.260963 0.864565 -2.439225 0.000000 0.000000 0.000000 1.000000
0.870034 0.209679 0.446179 -25.075480 -0.083113 0.954474 -0.286481 97.822678 -0.485936 0.212165 0.847852 -2.247610 0.000000 0.000000 0.000000 1.000000
0.840387 0.227947 0.491722 -25.009701 -0.108444 0.959631 -0.259516 97.184441 -0.531027 0.164770 0.831180 -2.182641 0.000000 0.000000 0.000000 1.000000
0.831276 0.234488 0.503980 -24.690382 -0.126514 0.962684 -0.239237 97.301331 -0.541271 0.135111 0.829922 -1.797557 0.000000 0.000000 0.000000 1.000000
0.848233 0.213091 0.484863 -23.857323 -0.121130 0.969277 -0.214078 98.272079 -0.515585 0.122856 0.847985 -0.978759 0.000000 0.000000 0.000000 1.000000
0.880459 0.173958 0.441057 -22.321058 -0.103060 0.978236 -0.180094 99.580627 -0.462786 0.113110 0.879224 -0.006569 0.000000 0.000000 0.000000 1.000000
0.917315 0.137034 0.373837 -20.214697 -0.086710 0.985128 -0.148340 100.764893 -0.388605 0.103659 0.915555 0.917601 0.000000 0.000000 0.000000 1.000000
0.952124 0.106970 0.286385 -17.917612 -0.071592 0.988754 -0.131300 101.516273 -0.297210 0.104511 0.949075 1.747783 0.000000 0.000000 0.000000 1.000000
0.977494 0.084624 0.193245 -15.491019 -0.059790 0.989589 -0.130913 101.427864 -0.202311 0.116413 0.972378 2.344340 0.000000 0.000000 0.000000 1.000000
0.990311 0.068604 0.120735 -12.958285 -0.051541 0.988926 -0.139169 100.896194 -0.128946 0.131598 0.982881 2.551624 0.000000 0.000000 0.000000 1.000000
0.994543 0.057144 0.087288 -10.322827 -0.043714 0.987919 -0.148681 100.692261 -0.094730 0.144053 0.985025 2.328581 0.000000 0.000000 0.000000 1.000000
0.994833 0.047896 0.089521 -7.314632 -0.033172 0.986679 -0.159264 100.750748 -0.095957 0.155471 0.983169 1.822988 0.000000 0.000000 0.000000 1.000000
0.993581 0.033640 0.108007 -4.057533 -0.014264 0.984397 -0.175383 100.887398 -0.112222 0.172716 0.978558 1.209340 0.000000 0.000000 0.000000 1.000000
0.992948 0.012717 0.117868 -0.951503 0.010990 0.980075 -0.198323 101.055283 -0.118041 0.198220 0.973024 0.566424 0.000000 0.000000 0.000000 1.000000
0.995112 -0.002806 0.098715 1.813019 0.024640 0.975037 -0.220673 101.141335 -0.095631 0.222027 0.970340 -0.175648 0.000000 0.000000 0.000000 1.000000
0.998525 -0.012935 0.052730 4.178160 0.024715 0.973038 -0.229316 100.876915 -0.048342 0.230281 0.971923 -1.102897 0.000000 0.000000 0.000000 1.000000
0.999579 -0.028313 0.006321 6.114687 0.029010 0.975989 -0.215881 99.916199 -0.000057 0.215974 0.976399 -2.164362 0.000000 0.000000 0.000000 1.000000
0.998519 -0.051851 -0.016496 7.702114 0.047918 0.981597 -0.184855 98.255272 0.025778 0.183791 0.982627 -3.121466 0.000000 0.000000 0.000000 1.000000
0.996975 -0.077012 -0.010517 9.047622 0.074546 0.985692 -0.151178 96.435257 0.022009 0.149937 0.988451 -3.700294 0.000000 0.000000 0.000000 1.000000
0.995280 -0.096075 0.013674 10.180141 0.097036 0.986993 -0.128174 95.018044 -0.001182 0.128896 0.991657 -3.851946 0.000000 0.000000 0.000000 1.000000
0.992867 -0.112147 0.040477 11.166541 0.116273 0.985868 -0.120603 94.189873 -0.026380 0.124449 0.991875 -3.883032 0.000000 0.000000 0.000000 1.000000
0.989506 -0.129250 0.064592 12.110251 0.136716 0.982167 -0.129060 94.045540 -0.046759 0.136537 0.989531 -4.036914 0.000000 0.000000 0.000000 1.000000
0.984927 -0.148875 0.088067 13.082479 0.161057 0.975015 -0.152993 94.332138 -0.063090 0.164871 0.984295 -4.365553 0.000000 0.000000 0.000000 1.000000
0.980956 -0.159941 0.110201 14.051375 0.178729 0.965419 -0.189796 94.641876 -0.076034 0.205877 0.975619 -4.745163 0.000000 0.000000 0.000000 1.000000
0.981042 -0.148529 0.124481 14.891912 0.174428 0.956655 -0.233210 94.629738 -0.084447 0.250502 0.964426 -4.990111 0.000000 0.000000 0.000000 1.000000
0.984741 -0.115724 0.129975 15.583447 0.147616 0.951005 -0.271660 94.053688 -0.092170 0.286701 0.953576 -4.953966 0.000000 0.000000 0.000000 1.000000
0.986749 -0.075698 0.143513 16.219423 0.115489 0.948948 -0.293531 93.339844 -0.113967 0.306216 0.945115 -4.837626 0.000000 0.000000 0.000000 1.000000
0.982968 -0.039208 0.179547 16.730927 0.092519 0.949719 -0.299122 93.049820 -0.158791 0.310639 0.937171 -4.785275 0.000000 0.000000 0.000000 1.000000
0.973730 -0.014073 0.227272 16.907349 0.083280 0.950950 -0.297923 93.331398 -0.211932 0.309024 0.927140 -4.694180 0.000000 0.000000 0.000000 1.000000
0.964324 -0.013045 0.264403 16.649328 0.093858 0.950750 -0.295408 94.219025 -0.247528 0.309686 0.918055 -4.360638 0.000000 0.000000 0.000000 1.000000
0.961216 -0.033841 0.273712 16.178848 0.115208 0.950975 -0.287009 95.252739 -0.250580 0.307412 0.917991 -3.644310 0.000000 0.000000 0.000000 1.000000
0.967516 -0.059450 0.245720 15.878244 0.126045 0.955973 -0.265006 95.861839 -0.219147 0.287370 0.932413 -2.628627 0.000000 0.000000 0.000000 1.000000
0.980728 -0.077502 0.179350 15.906270 0.117964 0.966643 -0.227343 95.679092 -0.155748 0.244119 0.957157 -1.605261 0.000000 0.000000 0.000000 1.000000
0.991519 -0.088592 0.095083 16.078638 0.104680 0.978015 -0.180356 94.904518 -0.077014 0.188780 0.978995 -0.842637 0.000000 0.000000 0.000000 1.000000
0.994307 -0.100027 0.036730 16.226385 0.104105 0.985412 -0.134630 93.965569 -0.022728 0.137688 0.990215 -0.407253 0.000000 0.000000 0.000000 1.000000
0.993237 -0.108812 0.040503 16.322027 0.112335 0.988792 -0.098346 93.385063 -0.029348 0.102231 0.994328 0.018658 0.000000 0.000000 0.000000 1.000000
0.989543 -0.105052 0.098836 16.348484 0.112795 0.990684 -0.076311 93.526543 -0.089899 0.086661 0.992173 0.640392 0.000000 0.000000 0.000000 1.000000
0.982924 -0.084633 0.163395 16.098951 0.096558 0.993106 -0.066460 94.521378 -0.156643 0.081102 0.984320 1.346672 0.000000 0.000000 0.000000 1.000000
0.979460 -0.056438 0.193580 15.314469 0.070085 0.995461 -0.064384 96.198593 -0.189068 0.076628 0.978970 2.022047 0.000000 0.000000 0.000000 1.000000
0.980530 -0.024452 0.194842 14.026776 0.038365 0.996950 -0.067957 98.371162 -0.192586 0.074109 0.978478 2.739960 0.000000 0.000000 0.000000 1.000000
0.980306 0.004009 0.197443 12.407779 0.011443 0.996961 -0.077060 100.564903 -0.197152 0.077802 0.977281 3.476460 0.000000 0.000000 0.000000 1.000000
0.975726 0.024342 0.217640 10.597249 -0.004186 0.995695 -0.092597 102.202919 -0.218957 0.089438 0.971627 4.127441 0.000000 0.000000 0.000000 1.000000
0.969328 0.044384 0.241728 8.742404 -0.017137 0.993370 -0.113673 103.017662 -0.245171 0.106044 0.963663 4.609869 0.000000 0.000000 0.000000 1.000000
0.967239 0.066993 0.244867 6.796756 -0.034819 0.990445 -0.133438 103.009506 -0.251467 0.120540 0.960330 4.918649 0.000000 0.000000 0.000000 1.000000
0.972605 0.088323 0.215031 4.611620 -0.058231 0.988085 -0.142467 102.549347 -0.225052 0.126042 0.966160 5.039621 0.000000 0.000000 0.000000 1.000000
0.982591 0.098219 0.157693 1.940564 -0.076101 0.987131 -0.140644 101.884636 -0.169477 0.126195 0.977421 5.080378 0.000000 0.000000 0.000000 1.000000
0.991052 0.093075 0.095672 -1.251255 -0.079315 0.987147 -0.138745 101.145187 -0.107356 0.129915 0.985696 5.064795 0.000000 0.000000 0.000000 1.000000
0.994895 0.077983 0.064058 -4.778097 -0.068086 0.987186 -0.144321 100.557922 -0.074491 0.139222 0.987455 4.835733 0.000000 0.000000 0.000000 1.000000
0.994501 0.066121 0.081216 -8.337915 -0.053202 0.986940 -0.152048 100.119255 -0.090209 0.146891 0.985031 4.201921 0.000000 0.000000 0.000000 1.000000
0.988710 0.063473 0.135731 -11.679264 -0.042342 0.987279 -0.153257 99.644325 -0.143732 0.145780 0.978820 3.161609 0.000000 0.000000 0.000000 1.000000
0.976793 0.065685 0.203863 -14.537638 -0.035794 0.988490 -0.146990 98.787544 -0.211172 0.136282 0.967902 2.019460 0.000000 0.000000 0.000000 1.000000
0.963339 0.064694 0.260368 -16.934595 -0.028831 0.989834 -0.139272 97.661583 -0.266732 0.126659 0.955412 1.177376 0.000000 0.000000 0.000000 1.000000
0.958849 0.066253 0.276078 -18.588705 -0.029243 0.990266 -0.136080 96.524605 -0.282407 0.122407 0.951453 0.758681 0.000000 0.000000 0.000000 1.000000
0.967981 0.079005 0.238268 -19.484688 -0.047377 0.989621 -0.135666 95.640038 -0.246514 0.120034 0.961677 0.579142 0.000000 0.000000 0.000000 1.000000
0.979381 0.107828 0.170842 -19.654762 -0.085271 0.987267 -0.134288 95.050682 -0.183146 0.116951 0.976104 0.449289 0.000000 0.000000 0.000000 1.000000
0.982344 0.146215 0.116707 -19.363888 -0.129872 0.982001 -0.137139 94.928619 -0.134659 0.119561 0.983653 0.335700 0.000000 0.000000 0.000000 1.000000
0.978841 0.179099 0.098964 -18.915154 -0.162831 0.974665 -0.153345 95.313042 -0.123921 0.133986 0.983205 0.276704 0.000000 0.000000 0.000000 1.000000
0.973938 0.198684 0.109402 -18.582481 -0.176571 0.966916 -0.184109 95.743279 -0.142362 0.159993 0.976798 0.268869 0.000000 0.000000 0.000000 1.000000
0.970573 0.207827 0.121635 -18.703598 -0.177605 0.958914 -0.221226 95.421562 -0.162615 0.193113 0.967607 0.219412 0.000000 0.000000 0.000000 1.000000
0.971606 0.207909 0.112943 -19.218584 -0.174371 0.951850 -0.252144 94.579720 -0.159928 0.225291 0.961076 -0.010159 0.000000 0.000000 0.000000 1.000000
0.975399 0.203463 0.084850 -19.755573 -0.174501 0.947821 -0.266805 93.797516 -0.134708 0.245435 0.960008 -0.509041 0.000000 0.000000 0.000000 1.000000
0.979124 0.193552 0.062084 -20.098827 -0.170631 0.948632 -0.266424 93.466904 -0.110462 0.250268 0.961854 -1.058244 0.000000 0.000000 0.000000 1.000000
0.980773 0.183514 0.066384 -20.140430 -0.160497 0.952022 -0.260566 93.617157 -0.111017 0.244902 0.963171 -1.576849 0.000000 0.000000 0.000000 1.000000
0.980024 0.177338 0.090021 -19.840546 -0.149945 0.956219 -0.251318 94.443497 -0.130648 0.232800 0.963709 -1.952152 0.000000 0.000000 0.000000 1.000000
0.978298 0.180041 0.102560 -19.410233 -0.149209 0.955571 -0.254205 95.464645 -0.143770 0.233386 0.961697 -2.021088 0.000000 0.000000 0.000000 1.000000
0.976391 0.187004 0.108123 -19.064535 -0.150968 0.948753 -0.277625 95.991852 -0.154500 0.254748 0.954586 -1.881177 0.000000 0.000000 0.000000 1.000000</float_array>
        <technique_common>
          <accessor source="#mixamorig_Hips-Matrix-animation-output-transform-array" count="135" stride="16">
            <param type="float4x4"/>
          </accessor>
        </technique_common>
      </source>
      <source id="mixamorig_Hips-Interpolations">
        <Name_array id="mixamorig_Hips-Interpolations-array" count="135">
 LINEAR LINEAR LINEAR LINEAR LINEAR LINEAR LINEAR LINEAR LINEAR LINEAR LINEAR
LINEAR LINEAR LINEAR LINEAR LINEAR LINEAR LINEAR LINEAR LINEAR LINEAR LINEAR LINEAR
LINEAR LINEAR LINEAR LINEAR LINEAR LINEAR LINEAR LINEAR LINEAR LINEAR LINEAR LINEAR
LINEAR LINEAR LINEAR LINEAR LINEAR LINEAR LINEAR LINEAR LINEAR LINEAR LINEAR LINEAR
LINEAR LINEAR LINEAR LINEAR LINEAR LINEAR LINEAR LINEAR LINEAR LINEAR LINEAR LINEAR
LINEAR LINEAR LINEAR LINEAR LINEAR LINEAR LINEAR LINEAR LINEAR LINEAR LINEAR LINEAR
LINEAR LINEAR LINEAR LINEAR LINEAR LINEAR LINEAR LINEAR LINEAR LINEAR LINEAR LINEAR
LINEAR LINEAR LINEAR LINEAR LINEAR LINEAR LINEAR LINEAR LINEAR LINEAR LINEAR LINEAR
LINEAR LINEAR LINEAR LINEAR LINEAR LINEAR LINEAR LINEAR LINEAR LINEAR LINEAR LINEAR
LINEAR LINEAR LINEAR LINEAR LINEAR LINEAR LINEAR LINEAR LINEAR LINEAR LINEAR LINEAR
LINEAR LINEAR LINEAR LINEAR LINEAR LINEAR LINEAR LINEAR LINEAR LINEAR LINEAR LINEAR
LINEAR LINEAR LINEAR LINEAR</Name_array>
        <technique_common>
          <accessor source="#mixamorig_Hips-Interpolations-array" count="135">
            <param type="name"/>
          </accessor>
        </technique_common>
      </source>
      <sampler id="mixamorig_Hips-Matrix-animation-transform">
        <input semantic="INPUT" source="#mixamorig_Hips-Matrix-animation-input"/>
        <input semantic="OUTPUT" source="#mixamorig_Hips-Matrix-animation-output-transform"/>
        <input semantic="INTERPOLATION" source="#mixamorig_Hips-Interpolations"/>
      </sampler>
      <channel source="#mixamorig_Hips-Matrix-animation-transform" target="mixamorig_Hips/matrix"/>
    </animation>
    <animation id="mixamorig_Spine-anim" name="mixamorig_Spine">
      <source id="mixamorig_Spine-Matrix-animation-input">
        <float_array id="mixamorig_Spine-Matrix-animation-input-array" count="135">

0.000000 0.033333 0.066667 0.100000 0.133333 0.166667 0.200000 0.233333 0.266667 0.300000 0.333333 0.366667 0.400000 0.433333 0.466667 0.500000
0.533333 0.566667 0.600000 0.633333 0.666667 0.700000 0.733333 0.766667 0.800000 0.833333 0.866667 0.900000 0.933333 0.966667 1.000000 1.033333
1.066667 1.100000 1.133333 1.166667 1.200000 1.233333 1.266667 1.300000 1.333333 1.366667 1.400000 1.433333 1.466667 1.500000 1.533333 1.566667
1.600000 1.633333 1.666667 1.700000 1.733333 1.766667 1.800000 1.833333 1.866667 1.900000 1.933333 1.966667 2.000000 2.033333 2.066667 2.100000
2.133333 2.166667 2.200000 2.233333 2.266667 2.300000 2.333333 2.366667 2.400000 2.433333 2.466667 2.500000 2.533333 2.566667 2.600000 2.633333
2.666667 2.700000 2.733333 2.766667 2.800000 2.833333 2.866667 2.900000 2.933333 2.966667 3.000000 3.033333 3.066667 3.100000 3.133333 3.166667
3.200000 3.233333 3.266667 3.300000 3.333333 3.366667 3.400000 3.433333 3.466667 3.500000 3.533333 3.566667 3.600000 3.633333 3.666667 3.700000
3.733333 3.766667 3.800000 3.833333 3.866667 3.900000 3.933333 3.966667 4.000000 4.033333 4.066667 4.100000 4.133333 4.166667 4.200000 4.233333
4.266667 4.300000 4.333333 4.366667 4.400000 4.433333 4.466667</float_array>
        <technique_common>
          <accessor source="#mixamorig_Spine-Matrix-animation-input-array" count="135">
            <param name="TIME" type="float"/>
          </accessor>
        </technique_common>
      </source>
      <source id="mixamorig_Spine-Matrix-animation-output-transform">
        <float_array id="mixamorig_Spine-Matrix-animation-output-transform-array" count="2160">

0.993720 -0.086909 -0.070478 0.000000 0.096991 0.983103 0.155246 10.182400 0.055795 -0.161107 0.985359 -0.000000 0.000000 0.000000 0.000000 1.000000
0.993151 -0.084711 -0.080473 0.000000 0.097144 0.981354 0.165851 10.182400 0.064923 -0.172532 0.982862 -0.000000 0.000000 0.000000 0.000000 1.000000
0.993271 -0.070741 -0.091700 0.000000 0.085474 0.982030 0.168257 10.182400 0.078149 -0.174963 0.981469 0.000000 0.000000 0.000000 0.000000 1.000000
0.993985 -0.052278 -0.096234 0.000000 0.067190 0.985005 0.158907 10.182400 0.086483 -0.164417 0.982592 -0.000000 0.000000 0.000000 0.000000 1.000000
0.995429 -0.039848 -0.086794 0.000000 0.052292 0.987874 0.146186 10.182400 0.079916 -0.150057 0.985442 -0.000000 0.000000 0.000000 0.000000 1.000000
0.997448 -0.020638 -0.068344 0.000000 0.029972 0.989908 0.138506 10.182400 0.064796 -0.140201 0.988001 -0.000000 0.000000 0.000000 0.000000 1.000000
0.998666 0.001274 -0.051619 -0.000000 0.005938 0.990229 0.139324 10.182400 0.051293 -0.139445 0.988901 0.000000 0.000000 0.000000 0.000000 1.000000
0.999102 0.016307 -0.039102 -0.000000 -0.010528 0.989569 0.143673 10.182400 0.041037 -0.143132 0.988852 -0.000000 0.000000 0.000000 0.000000 1.000000
0.999581 0.018859 -0.021967 -0.000000 -0.015385 0.988749 0.148788 10.182400 0.024526 -0.148388 0.988625 0.000000 0.000000 0.000000 0.000000 1.000000
0.999959 0.008982 0.001305 -0.000000 -0.009075 0.987874 0.154995 10.182400 0.000103 -0.155000 0.987914 0.000000 0.000000 0.000000 0.000000 1.000000
0.999778 0.000841 0.021032 0.000000 -0.004211 0.986987 0.160742 10.182400 -0.020623 -0.160795 0.986772 0.000000 0.000000 0.000000 0.000000 1.000000
0.999481 0.011067 0.030264 -0.000000 -0.015890 0.986318 0.164089 10.182400 -0.028033 -0.164485 0.985981 0.000000 0.000000 0.000000 0.000000 1.000000
0.999232 0.024537 0.030549 0.000000 -0.029288 0.985641 0.166293 10.182400 -0.026030 -0.167060 0.985603 -0.000000 0.000000 0.000000 0.000000 1.000000
0.999224 0.026664 0.028993 0.000000 -0.031154 0.985381 0.167490 10.182400 -0.024103 -0.168263 0.985447 0.000000 0.000000 0.000000 0.000000 1.000000
0.999347 0.021064 0.029359 0.000000 -0.025721 0.985357 0.168555 10.182400 -0.025378 -0.169200 0.985255 -0.000000 0.000000 0.000000 0.000000 1.000000
0.999389 0.017299 0.030381 0.000000 -0.022239 0.985079 0.170662 10.182400 -0.026976 -0.171233 0.984861 -0.000000 0.000000 0.000000 0.000000 1.000000
0.999479 0.008725 0.031065 0.000000 -0.013903 0.985242 0.170601 10.182400 -0.029118 -0.170944 0.984850 -0.000000 0.000000 0.000000 0.000000 1.000000
0.999459 0.001561 0.032858 0.000000 -0.006956 0.986316 0.164718 10.182400 -0.032152 -0.164857 0.985793 0.000000 0.000000 0.000000 0.000000 1.000000
0.999312 0.007037 0.036404 0.000000 -0.012555 0.988041 0.153677 10.182400 -0.034887 -0.154028 0.987450 0.000000 0.000000 0.000000 0.000000 1.000000
0.998988 0.021666 0.039404 -0.000000 -0.027025 0.989640 0.141005 10.182400 -0.035941 -0.141927 0.989224 0.000000 0.000000 0.000000 0.000000 1.000000
0.998540 0.035845 0.040417 -0.000000 -0.040768 0.990882 0.128418 10.182400 -0.035446 -0.129878 0.990896 0.000000 0.000000 0.000000 0.000000 1.000000
0.997950 0.048242 0.042058 0.000000 -0.052787 0.992002 0.114652 10.182400 -0.036191 -0.116637 0.992515 0.000000 0.000000 0.000000 0.000000 1.000000
0.996848 0.063126 0.048045 -0.000000 -0.067703 0.992631 0.100501 10.182400 -0.041347 -0.103437 0.993776 -0.000000 0.000000 0.000000 0.000000 1.000000
0.995103 0.079779 0.058350 0.000000 -0.084961 0.992079 0.092522 10.182400 -0.050506 -0.097027 0.993999 0.000000 0.000000 0.000000 0.000000 1.000000
0.992654 0.098169 0.070715 0.000000 -0.104669 0.989961 0.094983 10.182400 -0.060681 -0.101687 0.992964 0.000000 0.000000 0.000000 0.000000 1.000000
0.989952 0.113907 0.083789 0.000000 -0.122467 0.986868 0.105328 10.182400 -0.070691 -0.114531 0.990901 0.000000 0.000000 0.000000 0.000000 1.000000
0.987856 0.120839 0.097664 0.000000 -0.132079 0.984160 0.118255 10.182400 -0.081827 -0.129718 0.988169 -0.000000 0.000000 0.000000 0.000000 1.000000
0.986692 0.117952 0.111922 0.000000 -0.132156 0.982751 0.129367 10.182400 -0.094733 -0.142437 0.985260 0.000000 0.000000 0.000000 0.000000 1.000000
0.985842 0.113581 0.123347 0.000000 -0.130256 0.981995 0.136818 10.182400 -0.105586 -0.150948 0.982887 0.000000 0.000000 0.000000 0.000000 1.000000
0.985594 0.110425 0.128106 0.000000 -0.128418 0.981508 0.141952 10.182400 -0.110062 -0.156358 0.981549 0.000000 0.000000 0.000000 0.000000 1.000000
0.985964 0.109167 0.126321 -0.000000 -0.127296 0.981105 0.145703 10.182400 -0.108028 -0.159738 0.981231 0.000000 0.000000 0.000000 0.000000 1.000000
0.986851 0.108562 0.119751 0.000000 -0.125896 0.980906 0.148235 10.182400 -0.101372 -0.161362 0.981675 -0.000000 0.000000 0.000000 0.000000 1.000000
0.987533 0.114482 0.108040 0.000000 -0.129939 0.980265 0.148985 10.182400 -0.088852 -0.161167 0.982919 0.000000 0.000000 0.000000 0.000000 1.000000
0.988401 0.119788 0.093352 0.000000 -0.132882 0.979757 0.149727 10.182400 -0.073526 -0.160395 0.984311 0.000000 0.000000 0.000000 0.000000 1.000000
0.989766 0.113776 0.086133 0.000000 -0.125767 0.980689 0.149774 10.182400 -0.067429 -0.159073 0.984961 0.000000 0.000000 0.000000 0.000000 1.000000
0.990563 0.099423 0.094343 0.000000 -0.112555 0.982860 0.146002 10.182400 -0.078210 -0.155243 0.984776 -0.000000 0.000000 0.000000 0.000000 1.000000
0.989637 0.088580 0.113011 0.000000 -0.103979 0.984877 0.138582 10.182400 -0.099026 -0.148896 0.983882 0.000000 0.000000 0.000000 0.000000 1.000000
0.988743 0.078511 0.127367 0.000000 -0.094967 0.987120 0.128746 10.182400 -0.115619 -0.139393 0.983464 0.000000 0.000000 0.000000 0.000000 1.000000
0.990142 0.063936 0.124626 0.000000 -0.079061 0.989564 0.120468 10.182400 -0.115623 -0.129133 0.984863 0.000000 0.000000 0.000000 0.000000 1.000000
0.993065 0.047089 0.107721 0.000000 -0.059926 0.991058 0.119217 10.182400 -0.101144 -0.124846 0.987007 0.000000 0.000000 0.000000 0.000000 1.000000
0.995733 0.034557 0.085564 0.000000 -0.045338 0.990809 0.127448 10.182400 -0.080373 -0.130783 0.988148 0.000000 0.000000 0.000000 0.000000 1.000000
0.997519 0.030410 0.063496 0.000000 -0.039236 0.988981 0.142746 10.182400 -0.058456 -0.144883 0.987721 0.000000 0.000000 0.000000 0.000000 1.000000
0.998540 0.033488 0.042386 0.000000 -0.039763 0.986782 0.157100 10.182400 -0.036565 -0.158556 0.986673 0.000000 0.000000 0.000000 0.000000 1.000000
0.998990 0.038356 0.023396 0.000000 -0.041709 0.985313 0.165583 10.182400 -0.016701 -0.166392 0.985918 0.000000 0.000000 0.000000 0.000000 1.000000
0.999008 0.043539 0.009321 -0.000000 -0.044489 0.984495 0.169676 10.182400 -0.001789 -0.169922 0.985456 -0.000000 0.000000 0.000000 0.000000 1.000000
0.999103 0.042326 0.001350 0.000000 -0.041922 0.984055 0.172852 10.182400 0.005988 -0.172754 0.984947 -0.000000 0.000000 0.000000 0.000000 1.000000
0.999326 0.036665 -0.001891 0.000000 -0.035763 0.983808 0.175623 10.182400 0.008300 -0.175437 0.984456 -0.000000 0.000000 0.000000 0.000000 1.000000
0.999314 0.036927 -0.002969 -0.000000 -0.035826 0.983677 0.176340 10.182400 0.009432 -0.176113 0.984325 0.000000 0.000000 0.000000 0.000000 1.000000
0.999162 0.040730 -0.004020 -0.000000 -0.039414 0.984009 0.173702 10.182400 0.011031 -0.173398 0.984790 0.000000 0.000000 0.000000 0.000000 1.000000
0.999051 0.043133 -0.005984 0.000000 -0.041536 0.985163 0.166520 10.182400 0.013077 -0.166113 0.986020 0.000000 0.000000 0.000000 0.000000 1.000000
0.998866 0.046582 -0.009882 0.000000 -0.044510 0.987083 0.153899 10.182400 0.016923 -0.153285 0.988037 0.000000 0.000000 0.000000 0.000000 1.000000
0.998147 0.058383 -0.017142 -0.000000 -0.055497 0.989022 0.136951 10.182400 0.024950 -0.135745 0.990430 0.000000 0.000000 0.000000 0.000000 1.000000
0.997101 0.071249 -0.026692 0.000000 -0.067509 0.990292 0.121510 10.182400 0.035090 -0.119356 0.992231 0.000000 0.000000 0.000000 0.000000 1.000000
0.997142 0.066753 -0.035370 0.000000 -0.062327 0.991507 0.114148 10.182400 0.042690 -0.111617 0.992834 0.000000 0.000000 0.000000 0.000000 1.000000
0.998164 0.043363 -0.042288 0.000000 -0.038259 0.992651 0.114809 10.182400 0.046955 -0.112980 0.992487 0.000000 0.000000 0.000000 0.000000 1.000000
0.998882 0.009844 -0.046229 0.000000 -0.004331 0.993018 0.117881 10.182400 0.047067 -0.117549 0.991951 -0.000000 0.000000 0.000000 0.000000 1.000000
0.998520 -0.022266 -0.049611 0.000000 0.028056 0.992468 0.119251 10.182400 0.046583 -0.120467 0.991624 -0.000000 0.000000 0.000000 0.000000 1.000000
0.997281 -0.050096 -0.054050 0.000000 0.056270 0.991237 0.119509 10.182400 0.047589 -0.122226 0.991361 0.000000 0.000000 0.000000 0.000000 1.000000
0.995362 -0.076580 -0.058217 -0.000000 0.083237 0.989013 0.122168 10.182400 0.048222 -0.126447 0.990801 0.000000 0.000000 0.000000 0.000000 1.000000
0.992792 -0.103170 -0.060987 0.000000 0.110374 0.985377 0.129807 10.182400 0.046703 -0.135603 0.989662 0.000000 0.000000 0.000000 0.000000 1.000000
0.990501 -0.122303 -0.062849 -0.000000 0.130134 0.981399 0.141139 10.182400 0.044418 -0.147977 0.987993 0.000000 0.000000 0.000000 0.000000 1.000000
0.988468 -0.138662 -0.060862 0.000000 0.146606 0.976924 0.155325 10.182400 0.037920 -0.162456 0.985987 -0.000000 0.000000 0.000000 0.000000 1.000000
0.988559 -0.141350 -0.052645 0.000000 0.148315 0.974451 0.168665 10.182400 0.027459 -0.174544 0.984266 0.000000 0.000000 0.000000 0.000000 1.000000
0.991789 -0.120894 -0.041706 -0.000000 0.126397 0.976273 0.175826 10.182400 0.019460 -0.179654 0.983537 0.000000 0.000000 0.000000 0.000000 1.000000
0.994041 -0.103692 -0.033619 0.000000 0.107996 0.978706 0.174561 10.182400 0.014802 -0.177151 0.984072 0.000000 0.000000 0.000000 0.000000 1.000000
0.994402 -0.100055 -0.033965 -0.000000 0.104393 0.980001 0.169414 10.182400 0.016335 -0.172011 0.984960 0.000000 0.000000 0.000000 0.000000 1.000000
0.993955 -0.101664 -0.041454 -0.000000 0.107126 0.980728 0.163393 10.182400 0.024044 -0.166846 0.985690 0.000000 0.000000 0.000000 0.000000 1.000000
0.994945 -0.087351 -0.049544 -0.000000 0.094139 0.983057 0.157280 10.182400 0.034966 -0.161149 0.986310 0.000000 0.000000 0.000000 0.000000 1.000000
0.996085 -0.068053 -0.056422 0.000000 0.075882 0.985645 0.150816 10.182400 0.045349 -0.154507 0.986950 -0.000000 0.000000 0.000000 0.000000 1.000000
0.996816 -0.047287 -0.064206 0.000000 0.056169 0.987916 0.144452 10.182400 0.056599 -0.147598 0.987427 0.000000 0.000000 0.000000 0.000000 1.000000
0.996684 -0.032009 -0.074803 -0.000000 0.042120 0.989568 0.137774 10.182400 0.069612 -0.140468 0.987635 0.000000 0.000000 0.000000 0.000000 1.000000
0.996523 -0.020142 -0.080843 0.000000 0.030824 0.990616 0.133154 10.182400 0.077402 -0.135183 0.987793 0.000000 0.000000 0.000000 0.000000 1.000000
0.996908 -0.003878 -0.078478 0.000000 0.014401 0.990880 0.133974 10.182400 0.077243 -0.134690 0.987873 0.000000 0.000000 0.000000 0.000000 1.000000
0.997580 0.011703 -0.068533 -0.000000 -0.001979 0.990112 0.140268 10.182400 0.069497 -0.139793 0.987739 0.000000 0.000000 0.000000 0.000000 1.000000
0.998562 0.013610 -0.051853 0.000000 -0.005771 0.988904 0.148443 10.182400 0.053298 -0.147930 0.987561 0.000000 0.000000 0.000000 0.000000 1.000000
0.999579 -0.000317 -0.029027 0.000000 0.004877 0.987559 0.157174 10.182400 0.028616 -0.157250 0.987144 0.000000 0.000000 0.000000 0.000000 1.000000
0.999780 -0.020815 -0.002490 0.000000 0.020939 0.985710 0.167145 10.182400 -0.001024 -0.167160 0.985929 -0.000000 0.000000 0.000000 0.000000 1.000000
0.998888 -0.042023 0.021387 0.000000 0.037602 0.983595 0.176429 10.182400 -0.028450 -0.175429 0.984081 0.000000 0.000000 0.000000 0.000000 1.000000
0.998008 -0.052419 0.035105 -0.000000 0.045208 0.982331 0.181611 10.182400 -0.044004 -0.179662 0.982744 0.000000 0.000000 0.000000 0.000000 1.000000
0.998213 -0.046607 0.037387 0.000000 0.039072 0.982579 0.181693 10.182400 -0.045204 -0.179907 0.982644 0.000000 0.000000 0.000000 0.000000 1.000000
0.998627 -0.040429 0.033306 0.000000 0.033821 0.983192 0.179413 10.182400 -0.040000 -0.178040 0.983210 0.000000 0.000000 0.000000 0.000000 1.000000
0.998816 -0.038386 0.029899 0.000000 0.032483 0.983566 0.177603 10.182400 -0.036225 -0.176421 0.983648 -0.000000 0.000000 0.000000 0.000000 1.000000
0.998988 -0.033848 0.029635 -0.000000 0.028089 0.983842 0.176823 10.182400 -0.035141 -0.175811 0.983796 0.000000 0.000000 0.000000 0.000000 1.000000
0.998951 -0.033299 0.031432 -0.000000 0.027316 0.984262 0.174592 10.182400 -0.036751 -0.173550 0.984139 0.000000 0.000000 0.000000 0.000000 1.000000
0.998847 -0.032360 0.035454 0.000000 0.026029 0.985719 0.166377 10.182400 -0.040332 -0.165262 0.985425 0.000000 0.000000 0.000000 0.000000 1.000000
0.998976 -0.018711 0.041193 0.000000 0.012269 0.988395 0.151407 10.182400 -0.043548 -0.150747 0.987613 -0.000000 0.000000 0.000000 0.000000 1.000000
0.998855 0.005887 0.047479 0.000000 -0.012230 0.990849 0.134420 10.182400 -0.046253 -0.134847 0.989786 -0.000000 0.000000 0.000000 0.000000 1.000000
0.998130 0.030149 0.053180 0.000000 -0.036430 0.991934 0.121404 10.182400 -0.049091 -0.123114 0.991178 0.000000 0.000000 0.000000 0.000000 1.000000
0.997005 0.049460 0.059455 0.000000 -0.056026 0.991855 0.114387 10.182400 -0.053313 -0.117375 0.991656 0.000000 0.000000 0.000000 0.000000 1.000000
0.995172 0.069521 0.069284 0.000000 -0.076950 0.990830 0.111060 10.182400 -0.060927 -0.115855 0.991396 0.000000 0.000000 0.000000 0.000000 1.000000
0.992737 0.089401 0.080500 -0.000000 -0.098078 0.988945 0.111216 10.182400 -0.069667 -0.118304 0.990531 -0.000000 0.000000 0.000000 0.000000 1.000000
