<?xml version="1.0" encoding="utf-8"?>
<COLLADA xmlns="http://www.collada.org/2005/11/COLLADASchema" version="1.4.1">
  <asset>
    <contributor>
      <author>Mixamo</author>
      <authoring_tool>COLLADA Mixamo exporter</authoring_tool>
      <comments/>
    </contributor>
    <created>2024-05-03T13:15:58Z</created>
    <modified>2024-05-03T13:15:58Z</modified>
    <revision/>
    <title/>
    <unit meter="0.010000"/>
    <up_axis>Y_UP</up_axis>
  </asset>
  <library_animations>
    <animation id="mixamorig_Hips-anim" name="mixamorig_Hips">
      <source id="mixamorig_Hips-Matrix-animation-input">
        <float_array id="mixamorig_Hips-Matrix-animation-input-array" count="414">

0.000000 0.033333 0.066667 0.100000 0.133333 0.166667 0.200000 0.233333 0.266667 0.300000 0.333333 0.366667 0.400000 0.433333 0.466667 0.500000
0.533333 0.566667 0.600000 0.633333 0.666667 0.700000 0.733333 0.766667 0.800000 0.833333 0.866667 0.900000 0.933333 0.966667 1.000000 1.033333
1.066667 1.100000 1.133333 1.166667 1.200000 1.233333 1.266667 1.300000 1.333333 1.366667 1.400000 1.433333 1.466667 1.500000 1.533333 1.566667
1.600000 1.633333 1.666667 1.700000 1.733333 1.766667 1.800000 1.833333 1.866667 1.900000 1.933333 1.966667 2.000000 2.033333 2.066667 2.100000
2.133333 2.166667 2.200000 2.233333 2.266667 2.300000 2.333333 2.366667 2.400000 2.433333 2.466667 2.500000 2.533333 2.566667 2.600000 2.633333
2.666667 2.700000 2.733333 2.766667 2.800000 2.833333 2.866667 2.900000 2.933333 2.966667 3.000000 3.033333 3.066667 3.100000 3.133333 3.166667
3.200000 3.233333 3.266667 3.300000 3.333333 3.366667 3.400000 3.433333 3.466667 3.500000 3.533333 3.566667 3.600000 3.633333 3.666667 3.700000
3.733333 3.766667 3.800000 3.833333 3.866667 3.900000 3.933333 3.966667 4.000000 4.033333 4.066667 4.100000 4.133333 4.166667 4.200000 4.233333
4.266667 4.300000 4.333333 4.366667 4.400000 4.433333 4.466667 4.500000 4.533333 4.566667 4.600000 4.633333 4.666667 4.700000 4.733333 4.766667
4.800000 4.833333 4.866667 4.900000 4.933333 4.966667 5.000000 5.033333 5.066667 5.100000 5.133333 5.166667 5.200000 5.233333 5.266667 5.300000
5.333333 5.366667 5.400000 5.433333 5.466667 5.500000 5.533333 5.566667 5.600000 5.633333 5.666667 5.700000 5.733333 5.766667 5.800000 5.833333
5.866667 5.900000 5.933333 5.966667 6.000000 6.033333 6.066667 6.100000 6.133333 6.166667 6.200000 6.233333 6.266667 6.300000 6.333333 6.366667
6.400000 6.433333 6.466667 6.500000 6.533333 6.566667 6.600000 6.633333 6.666667 6.700000 6.733333 6.766667 6.800000 6.833333 6.866667 6.900000
6.933333 6.966667 7.000000 7.033333 7.066667 7.100000 7.133333 7.166667 7.200000 7.233333 7.266667 7.300000 7.333333 7.366667 7.400000 7.433333
7.466667 7.500000 7.533333 7.566667 7.600000 7.633333 7.666667 7.700000 7.733333 7.766667 7.800000 7.833333 7.866667 7.900000 7.933333 7.966667
8.000000 8.033333 8.066667 8.100000 8.133333 8.166667 8.200000 8.233333 8.266667 8.300000 8.333333 8.366667 8.400000 8.433333 8.466667 8.500000
8.533333 8.566667 8.600000 8.633333 8.666667 8.700000 8.733333 8.766667 8.800000 8.833333 8.866667 8.900000 8.933333 8.966667 9.000000 9.033333
9.066667 9.100000 9.133333 9.166667 9.200000 9.233333 9.266667 9.300000 9.333333 9.366667 9.400000 9.433333 9.466667 9.500000 9.533333 9.566667
9.600000 9.633333 9.666667 9.700000 9.733333 9.766667 9.800000 9.833333 9.866667 9.900000 9.933333 9.966667 10.000000 10.033333 10.066667 10.100000
10.133333 10.166667 10.200000 10.233333 10.266667 10.300000 10.333333 10.366667 10.400000 10.433333 10.466667 10.500000 10.533333 10.566667 10.600000 10.633333
10.666667 10.700000 10.733333 10.766667 10.800000 10.833333 10.866667 10.900000 10.933333 10.966667 11.000000 11.033333 11.066667 11.100000 11.133333 11.166667
11.200000 11.233333 11.266667 11.300000 11.333333 11.366667 11.400000 11.433333 11.466667 11.500000 11.533333 11.566667 11.600000 11.633333 11.666667 11.700000
11.733333 11.766667 11.800000 11.833333 11.866667 11.900000 11.933333 11.966667 12.000000 12.033333 12.066667 12.100000 12.133333 12.166667 12.200000 12.233333
12.266667 12.300000 12.333333 12.366667 12.400000 12.433333 12.466667 12.500000 12.533333 12.566667 12.600000 12.633333 12.666667 12.700000 12.733333 12.766667
12.800000 12.833333 12.866667 12.900000 12.933333 12.966667 13.000000 13.033333 13.066667 13.100000 13.133333 13.166667 13.200000 13.233333 13.266667 13.300000
13.333333 13.366667 13.400000 13.433333 13.466667 13.500000 13.533333 13.566667 13.600000 13.633333 13.666667 13.700000 13.733333 13.766667</float_array>
        <technique_common>
          <accessor source="#mixamorig_Hips-Matrix-animation-input-array" count="414">
            <param name="TIME" type="float"/>
          </accessor>
        </technique_common>
      </source>
      <source id="mixamorig_Hips-Matrix-animation-output-transform">
        <float_array id="mixamorig_Hips-Matrix-animation-output-transform-array" count="6624">

0.995435 0.020862 -0.093133 1.891097 -0.018260 0.999421 0.028705 101.794571 0.093678 -0.026873 0.995240 -1.333974 0.000000 0.000000 0.000000 1.000000
0.995207 0.020940 -0.095519 2.100699 -0.018420 0.999460 0.027195 101.772278 0.096036 -0.025305 0.995056 -1.392765 0.000000 0.000000 0.000000 1.000000
0.995040 0.020210 -0.097404 2.324384 -0.017816 0.999519 0.025392 101.786003 0.097871 -0.023531 0.994921 -1.435116 0.000000 0.000000 0.000000 1.000000
0.995049 0.019304 -0.097490 2.553559 -0.017096 0.999579 0.023435 101.881874 0.097901 -0.021652 0.994961 -1.437162 0.000000 0.000000 0.000000 1.000000
0.995446 0.018867 -0.093441 2.783678 -0.016996 0.999640 0.020780 102.033752 0.093800 -0.019098 0.995408 -1.395975 0.000000 0.000000 0.000000 1.000000
0.996244 0.019844 -0.084282 3.011097 -0.018457 0.999682 0.017205 102.166000 0.084596 -0.015584 0.996293 -1.335157 0.000000 0.000000 0.000000 1.000000
0.997254 0.022578 -0.070526 3.231953 -0.021735 0.999683 0.012691 102.210678 0.070790 -0.011123 0.997429 -1.293166 0.000000 0.000000 0.000000 1.000000
0.998134 0.028071 -0.054222 3.449844 -0.027700 0.999588 0.007586 102.164825 0.054413 -0.006070 0.998500 -1.291480 0.000000 0.000000 0.000000 1.000000
0.998665 0.034756 -0.038218 3.665324 -0.034693 0.999395 0.002301 102.043045 0.038275 -0.000972 0.999267 -1.330123 0.000000 0.000000 0.000000 1.000000
0.998903 0.040757 -0.023058 3.872082 -0.040827 0.999163 -0.002568 101.833786 0.022934 0.003507 0.999731 -1.396945 0.000000 0.000000 0.000000 1.000000
0.999082 0.042398 -0.006058 4.048360 -0.042430 0.999086 -0.005145 101.418823 0.005834 0.005398 0.999968 -1.480950 0.000000 0.000000 0.000000 1.000000
0.999117 0.038845 0.016023 4.163819 -0.038785 0.999240 -0.003988 100.730881 -0.016166 0.003363 0.999864 -1.594305 0.000000 0.000000 0.000000 1.000000
0.998503 0.033177 0.043478 4.228943 -0.033287 0.999444 0.001814 99.834877 -0.043394 -0.003258 0.999053 -1.749318 0.000000 0.000000 0.000000 1.000000
0.997205 0.024935 0.070424 4.277288 -0.025888 0.999585 0.012656 98.848389 -0.070079 -0.014444 0.997437 -1.954010 0.000000 0.000000 0.000000 1.000000
0.996201 0.010395 0.086462 4.340103 -0.012911 0.999508 0.028591 97.956093 -0.086122 -0.029598 0.995845 -2.197947 0.000000 0.000000 0.000000 1.000000
0.996348 -0.011290 0.084636 4.421181 0.007205 0.998801 0.048414 97.223770 -0.085081 -0.047628 0.995235 -2.441372 0.000000 0.000000 0.000000 1.000000
0.997442 -0.029767 0.064994 4.543198 0.025458 0.997485 0.066147 96.778076 -0.066799 -0.064323 0.995691 -2.599662 0.000000 0.000000 0.000000 1.000000
0.998753 -0.032441 0.037957 4.752127 0.029432 0.996574 0.077291 96.846016 -0.040334 -0.076078 0.996286 -2.598183 0.000000 0.000000 0.000000 1.000000
0.999816 -0.016407 0.009910 5.040299 0.015544 0.996538 0.081678 97.700256 -0.011215 -0.081509 0.996609 -2.429895 0.000000 0.000000 0.000000 1.000000
0.999731 0.010699 -0.020554 5.327172 -0.009085 0.996985 0.077067 99.190147 0.021317 -0.076859 0.996814 -2.163007 0.000000 0.000000 0.000000 1.000000
0.997607 0.039069 -0.057034 5.536019 -0.035587 0.997512 0.060849 100.768578 0.059269 -0.058674 0.996516 -1.882041 0.000000 0.000000 0.000000 1.000000
0.993133 0.062224 -0.099068 5.665657 -0.058545 0.997498 0.039621 101.893349 0.101285 -0.033549 0.994292 -1.619937 0.000000 0.000000 0.000000 1.000000
0.987211 0.076288 -0.139978 5.789847 -0.072694 0.996884 0.030617 102.147858 0.141877 -0.020050 0.989681 -1.307515 0.000000 0.000000 0.000000 1.000000
0.982340 0.074851 -0.171481 5.922444 -0.069084 0.996834 0.039361 101.453194 0.173885 -0.026820 0.984401 -0.849216 0.000000 0.000000 0.000000 1.000000
0.980285 0.057490 -0.189040 6.044307 -0.048015 0.997368 0.054328 100.362984 0.191666 -0.044180 0.980465 -0.293743 0.000000 0.000000 0.000000 1.000000
0.980150 0.039575 -0.194268 6.181310 -0.028263 0.997758 0.060660 99.554474 0.196233 -0.053965 0.979071 0.249347 0.000000 0.000000 0.000000 1.000000
0.979186 0.037632 -0.199446 6.382115 -0.026588 0.997976 0.057766 99.530426 0.201216 -0.051260 0.978205 0.761271 0.000000 0.000000 0.000000 1.000000
0.975309 0.056223 -0.213566 6.676791 -0.045683 0.997497 0.053974 100.278625 0.216066 -0.042885 0.975437 1.265464 0.000000 0.000000 0.000000 1.000000
0.967972 0.086392 -0.235726 7.042202 -0.075015 0.995562 0.056830 101.227654 0.239589 -0.037327 0.970157 1.790040 0.000000 0.000000 0.000000 1.000000
0.958792 0.116010 -0.259343 7.424390 -0.102263 0.992570 0.065933 101.803322 0.265065 -0.036695 0.963532 2.400310 0.000000 0.000000 0.000000 1.000000
0.950005 0.138748 -0.279712 7.825562 -0.121011 0.989438 0.079803 101.548073 0.287831 -0.041965 0.956761 3.086879 0.000000 0.000000 0.000000 1.000000
0.940669 0.159113 -0.299708 8.287158 -0.135062 0.985832 0.099464 100.341591 0.311288 -0.053083 0.948832 3.692555 0.000000 0.000000 0.000000 1.000000
0.927354 0.181273 -0.327346 8.835629 -0.147945 0.981164 0.124213 98.462303 0.343697 -0.066760 0.936705 4.017938 0.000000 0.000000 0.000000 1.000000
0.908242 0.202106 -0.366400 9.564273 -0.157998 0.976443 0.146956 96.369522 0.387470 -0.075581 0.918779 3.923797 0.000000 0.000000 0.000000 1.000000
0.888048 0.213205 -0.407327 10.604523 -0.162389 0.974326 0.155947 94.743858 0.430117 -0.072343 0.899870 3.495668 0.000000 0.000000 0.000000 1.000000
0.877790 0.201896 -0.434422 11.999762 -0.154093 0.977653 0.143001 94.006729 0.453586 -0.058583 0.889285 2.960838 0.000000 0.000000 0.000000 1.000000
0.884624 0.161700 -0.437372 13.732291 -0.124854 0.985840 0.111944 94.377594 0.449280 -0.044420 0.892286 2.524931 0.000000 0.000000 0.000000 1.000000
0.904263 0.098604 -0.415434 15.707045 -0.073042 0.994350 0.077021 95.636978 0.420682 -0.039303 0.906357 2.242144 0.000000 0.000000 0.000000 1.000000
0.927455 0.023731 -0.373181 17.777178 -0.005294 0.998717 0.050353 97.274475 0.373898 -0.044724 0.926391 2.115368 0.000000 0.000000 0.000000 1.000000
0.947882 -0.052799 -0.314216 19.786877 0.067083 0.997140 0.034813 98.572777 0.311479 -0.054077 0.948713 2.177402 0.000000 0.000000 0.000000 1.000000
0.961665 -0.127039 -0.243027 21.630171 0.138329 0.989935 0.029897 98.819000 0.236783 -0.062368 0.969559 2.440092 0.000000 0.000000 0.000000 1.000000
0.965461 -0.197490 -0.169951 23.376213 0.206810 0.977611 0.038823 97.719315 0.158478 -0.072629 0.984688 2.814700 0.000000 0.000000 0.000000 1.000000
0.959863 -0.259323 -0.106841 25.273872 0.267094 0.961402 0.066078 95.399536 0.085582 -0.091963 0.992078 3.131892 0.000000 0.000000 0.000000 1.000000
0.948341 -0.311313 -0.061101 27.201698 0.316337 0.942522 0.107629 92.665947 0.024083 -0.121398 0.992312 3.231087 0.000000 0.000000 0.000000 1.000000
0.937176 -0.346988 -0.036076 28.593065 0.348426 0.925850 0.146289 90.546089 -0.017360 -0.149669 0.988584 3.057015 0.000000 0.000000 0.000000 1.000000
0.933816 -0.356292 -0.032301 28.915892 0.356679 0.920215 0.161195 89.729454 -0.027708 -0.162048 0.986394 2.669918 0.000000 0.000000 0.000000 1.000000
0.941090 -0.335379 -0.043253 28.062956 0.338058 0.930006 0.144238 90.323044 -0.008149 -0.150363 0.988597 2.130452 0.000000 0.000000 0.000000 1.000000
0.954226 -0.294059 -0.054617 26.292339 0.298395 0.948430 0.106963 91.968475 0.020347 -0.118364 0.992762 1.485151 0.000000 0.000000 0.000000 1.000000
0.967119 -0.247705 -0.057652 23.997530 0.251293 0.965612 0.066677 93.954178 0.039154 -0.078973 0.996108 0.823299 0.000000 0.000000 0.000000 1.000000
0.976892 -0.205251 -0.059612 21.487169 0.207590 0.977551 0.036069 95.576874 0.050871 -0.047610 0.997570 0.285620 0.000000 0.000000 0.000000 1.000000
0.983260 -0.165644 -0.075902 19.004375 0.167670 0.985617 0.021107 96.308472 0.071314 -0.033480 0.996892 -0.129742 0.000000 0.000000 0.000000 1.000000
0.985669 -0.126639 -0.111439 16.709347 0.129981 0.991245 0.023219 95.956284 0.107523 -0.037371 0.993500 -0.558875 0.000000 0.000000 0.000000 1.000000
0.983853 -0.090473 -0.154429 14.651655 0.097676 0.994426 0.039697 94.855423 0.149977 -0.054140 0.987206 -1.088531 0.000000 0.000000 0.000000 1.000000
0.980171 -0.059938 -0.188872 12.829010 0.072794 0.995426 0.061872 94.002335 0.184299 -0.074394 0.980051 -1.655808 0.000000 0.000000 0.000000 1.000000
0.977324 -0.037298 -0.208438 11.229929 0.054558 0.995484 0.077681 94.255539 0.204599 -0.087291 0.974946 -2.178965 0.000000 0.000000 0.000000 1.000000
0.975792 -0.023879 -0.217394 9.847507 0.041669 0.996112 0.077623 95.996330 0.214695 -0.084802 0.972993 -2.642868 0.000000 0.000000 0.000000 1.000000
0.974836 -0.020581 -0.221970 8.666756 0.034131 0.997769 0.057381 98.944916 0.220294 -0.063514 0.973364 -3.072647 0.000000 0.000000 0.000000 1.000000
0.974215 -0.024554 -0.224280 7.617700 0.029599 0.999378 0.019162 102.012512 0.223670 -0.025306 0.974336 -3.468465 0.000000 0.000000 0.000000 1.000000
0.974302 -0.027830 -0.223518 6.549361 0.022773 0.999424 -0.025173 104.127716 0.224090 0.019436 0.974375 -3.713194 0.000000 0.000000 0.000000 1.000000
0.975334 -0.024909 -0.219326 5.477949 0.012751 0.998311 -0.056677 104.747208 0.220367 0.052483 0.974004 -3.751553 0.000000 0.000000 0.000000 1.000000
0.977155 -0.010079 -0.212288 4.525370 -0.003420 0.998000 -0.063125 104.175713 0.212500 0.062408 0.975166 -3.745371 0.000000 0.000000 0.000000 1.000000
0.979214 0.017553 -0.202069 3.710604 -0.027813 0.998458 -0.048046 102.778915 0.200914 0.052668 0.978192 -3.833102 0.000000 0.000000 0.000000 1.000000
0.981167 0.044343 -0.188001 2.967087 -0.050333 0.998362 -0.027208 101.086884 0.186487 0.036159 0.981792 -4.167183 0.000000 0.000000 0.000000 1.000000
0.983221 0.060568 -0.172072 2.180430 -0.064284 0.997802 -0.016104 99.566078 0.170718 0.026895 0.984953 -4.664949 0.000000 0.000000 0.000000 1.000000
0.986179 0.061824 -0.153718 1.256823 -0.065455 0.997681 -0.018670 98.737236 0.152207 0.028474 0.987938 -5.035675 0.000000 0.000000 0.000000 1.000000
0.990223 0.048026 -0.130964 0.130958 -0.052029 0.998272 -0.027318 98.887398 0.129426 0.033864 0.991011 -5.063906 0.000000 0.000000 0.000000 1.000000
0.994446 0.023412 -0.102606 -1.217714 -0.026981 0.999073 -0.033541 99.793968 0.101726 0.036123 0.994156 -4.726709 0.000000 0.000000 0.000000 1.000000
0.997460 -0.001260 -0.071214 -2.699564 -0.001224 0.999392 -0.034834 100.719131 0.071214 0.034833 0.996853 -4.114950 0.000000 0.000000 0.000000 1.000000
0.998981 -0.019401 -0.040748 -4.148449 0.018098 0.999321 -0.032096 101.042160 0.041343 0.031326 0.998654 -3.385216 0.000000 0.000000 0.000000 1.000000
0.999484 -0.029838 -0.011894 -5.445937 0.029530 0.999244 -0.025278 100.415863 0.012639 0.024913 0.999610 -2.593877 0.000000 0.000000 0.000000 1.000000
0.999232 -0.035218 0.017159 -6.532359 0.035457 0.999275 -0.013838 98.894867 -0.016659 0.014436 0.999757 -1.823393 0.000000 0.000000 0.000000 1.000000
0.998254 -0.036301 0.046587 -7.538979 0.036348 0.999339 -0.000158 97.025032 -0.046551 0.001851 0.998914 -1.169561 0.000000 0.000000 0.000000 1.000000
0.996917 -0.030169 0.072426 -8.767923 0.029442 0.999505 0.011090 95.710495 -0.072725 -0.008923 0.997312 -0.699736 0.000000 0.000000 0.000000 1.000000
0.995825 -0.013358 0.090297 -10.434840 0.011850 0.999782 0.017215 95.742691 -0.090508 -0.016073 0.995766 -0.402689 0.000000 0.000000 0.000000 1.000000
0.994684 0.017183 0.101533 -12.496531 -0.019114 0.999654 0.018082 97.043686 -0.101188 -0.019927 0.994668 -0.190012 0.000000 0.000000 0.000000 1.000000
0.991690 0.061553 0.112968 -14.742749 -0.063326 0.997919 0.012175 98.876846 -0.111984 -0.019227 0.993524 0.051926 0.000000 0.000000 0.000000 1.000000
0.985024 0.113315 0.129948 -16.987680 -0.113856 0.993492 -0.003279 100.420815 -0.129474 -0.011566 0.991515 0.377354 0.000000 0.000000 0.000000 1.000000
0.974851 0.161057 0.154030 -19.206490 -0.159120 0.986945 -0.024903 100.962578 -0.156030 -0.000232 0.987752 0.710185 0.000000 0.000000 0.000000 1.000000
0.962101 0.197940 0.187567 -21.447121 -0.193822 0.980211 -0.040235 100.039871 -0.191820 0.002355 0.981427 0.931809 0.000000 0.000000 0.000000 1.000000
0.947284 0.220453 0.232494 -23.686098 -0.217731 0.975283 -0.037639 97.739288 -0.235045 -0.014966 0.971869 0.924814 0.000000 0.000000 0.000000 1.000000
0.932414 0.227420 0.280865 -25.685450 -0.231718 0.972611 -0.018279 94.785110 -0.277329 -0.048038 0.959573 0.616577 0.000000 0.000000 0.000000 1.000000
0.922972 0.220136 0.315695 -27.075409 -0.233432 0.972363 0.004432 92.297501 -0.305995 -0.077784 0.948850 0.077741 0.000000 0.000000 0.000000 1.000000
0.922773 0.205333 0.326080 -27.408802 -0.222649 0.974763 0.016267 91.218475 -0.314511 -0.087612 0.945202 -0.449365 0.000000 0.000000 0.000000 1.000000
0.929346 0.189857 0.316656 -26.465090 -0.203510 0.979019 0.010287 91.819870 -0.308059 -0.074003 0.948485 -0.800333 0.000000 0.000000 0.000000 1.000000
0.937091 0.179840 0.299196 -24.433117 -0.184786 0.982706 -0.011927 93.681656 -0.296167 -0.044110 0.954117 -0.953503 0.000000 0.000000 0.000000 1.000000
0.943511 0.178128 0.279388 -21.869307 -0.173532 0.983961 -0.041311 95.889740 -0.282265 -0.009506 0.959289 -0.959341 0.000000 0.000000 0.000000 1.000000
0.949940 0.177490 0.257120 -19.400192 -0.166766 0.983974 -0.063115 97.466728 -0.264202 0.017077 0.964316 -0.885800 0.000000 0.000000 0.000000 1.000000
0.958068 0.163239 0.235496 -17.413052 -0.152976 0.986324 -0.061337 97.823563 -0.242288 0.022740 0.969938 -0.876338 0.000000 0.000000 0.000000 1.000000
0.966524 0.133148 0.219324 -15.825132 -0.130191 0.991095 -0.027948 96.924301 -0.221093 -0.001541 0.975252 -1.163467 0.000000 0.000000 0.000000 1.000000
0.973579 0.099697 0.205438 -14.275318 -0.107483 0.993838 0.027069 95.437317 -0.201473 -0.048435 0.978296 -1.833072 0.000000 0.000000 0.000000 1.000000
0.980552 0.071231 0.182875 -12.519327 -0.086419 0.993320 0.076465 94.469894 -0.176207 -0.090782 0.980158 -2.699165 0.000000 0.000000 0.000000 1.000000
0.988271 0.048735 0.144725 -10.463807 -0.062719 0.993624 0.093691 94.789383 -0.139236 -0.101669 0.985026 -3.457993 0.000000 0.000000 0.000000 1.000000
0.994933 0.028455 0.096425 -8.211943 -0.035473 0.996783 0.071866 96.540314 -0.094070 -0.074923 0.992742 -3.921158 0.000000 0.000000 0.000000 1.000000
0.998768 0.009789 0.048641 -5.997854 -0.011074 0.999595 0.026226 99.330124 -0.048364 -0.026733 0.998472 -4.190708 0.000000 0.000000 0.000000 1.000000
0.999967 -0.004137 0.007020 -3.952036 0.004268 0.999814 -0.018814 102.283005 -0.006941 0.018843 0.999798 -4.442105 0.000000 0.000000 0.000000 1.000000
0.999465 -0.010887 -0.030834 -2.046877 0.009457 0.998890 -0.046136 104.528542 0.031302 0.045820 0.998459 -4.698675 0.000000 0.000000 0.000000 1.000000
0.997265 -0.015857 -0.072191 -0.252604 0.012072 0.998544 -0.052567 105.589355 0.072920 0.051551 0.996005 -4.887776 0.000000 0.000000 0.000000 1.000000
0.991892 -0.023521 -0.124888 1.409092 0.018295 0.998915 -0.042827 105.293808 0.125760 0.040195 0.991246 -4.969962 0.000000 0.000000 0.000000 1.000000
0.981084 -0.036606 -0.190091 2.913601 0.033149 0.999223 -0.021336 103.895996 0.190724 0.014631 0.981535 -4.984081 0.000000 0.000000 0.000000 1.000000
0.964706 -0.054764 -0.257572 4.183419 0.058966 0.998223 0.008609 101.862534 0.256643 -0.023493 0.966221 -4.995231 0.000000 0.000000 0.000000 1.000000
0.947080 -0.077607 -0.311475 5.061841 0.094966 0.994639 0.040931 99.842140 0.306628 -0.068344 0.949373 -4.987356 0.000000 0.000000 0.000000 1.000000
0.934011 -0.101152 -0.342624 5.493609 0.131573 0.989061 0.066679 98.577209 0.332132 -0.107359 0.937103 -4.905364 0.000000 0.000000 0.000000 1.000000
0.927358 -0.120953 -0.354086 5.489939 0.158404 0.984237 0.078654 98.426781 0.338991 -0.129029 0.931900 -4.638917 0.000000 0.000000 0.000000 1.000000
0.924943 -0.132769 -0.356165 5.064672 0.169731 0.982673 0.074467 99.164429 0.340107 -0.129330 0.931451 -4.145451 0.000000 0.000000 0.000000 1.000000
0.924426 -0.132645 -0.357550 4.294266 0.163372 0.984916 0.057003 100.196396 0.344596 -0.111109 0.932153 -3.533832 0.000000 0.000000 0.000000 1.000000
0.924653 -0.116996 -0.362393 3.356968 0.139110 0.989643 0.035442 100.756966 0.354493 -0.083183 0.931351 -2.958926 0.000000 0.000000 0.000000 1.000000
0.923279 -0.087465 -0.374040 2.397277 0.103651 0.994340 0.023337 100.375778 0.369882 -0.060316 0.927119 -2.426158 0.000000 0.000000 0.000000 1.000000
0.917325 -0.051297 -0.394822 1.416044 0.068709 0.997183 0.030079 99.229057 0.392167 -0.054720 0.918265 -1.850312 0.000000 0.000000 0.000000 1.000000
0.906703 -0.012720 -0.421578 0.324298 0.038968 0.997796 0.053704 97.686615 0.419965 -0.065121 0.905201 -1.133455 0.000000 0.000000 0.000000 1.000000
0.894733 0.023576 -0.445979 -1.020865 0.016044 0.996264 0.084853 96.386322 0.446313 -0.083076 0.891012 -0.149545 0.000000 0.000000 0.000000 1.000000
0.887421 0.054931 -0.457674 -2.700094 -0.001344 0.993178 0.116598 95.896667 0.460957 -0.102857 0.881442 1.191564 0.000000 0.000000 0.000000 1.000000
0.889569 0.080294 -0.449689 -4.659586 -0.014433 0.988879 0.148017 96.369041 0.456573 -0.125181 0.880835 2.864159 0.000000 0.000000 0.000000 1.000000
0.900195 0.102692 -0.423205 -6.665962 -0.027563 0.983286 0.179969 97.411522 0.434613 -0.150342 0.887980 4.780284 0.000000 0.000000 0.000000 1.000000
0.912877 0.126711 -0.388073 -8.522589 -0.046215 0.976576 0.210153 98.386940 0.405611 -0.173909 0.897349 6.878853 0.000000 0.000000 0.000000 1.000000
0.921352 0.154249 -0.356816 -10.183918 -0.071538 0.969507 0.234388 98.715775 0.382090 -0.190428 0.904292 9.083426 0.000000 0.000000 0.000000 1.000000
0.923759 0.183461 -0.336171 -11.700554 -0.099077 0.962390 0.252961 98.064880 0.369936 -0.200368 0.907193 11.217429 0.000000 0.000000 0.000000 1.000000
0.921981 0.212069 -0.324003 -13.091705 -0.123660 0.954140 0.272626 96.557617 0.366959 -0.211290 0.905923 13.091640 0.000000 0.000000 0.000000 1.000000
0.920001 0.231849 -0.315982 -14.193107 -0.135362 0.944609 0.298983 94.804817 0.367799 -0.232293 0.900424 14.384780 0.000000 0.000000 0.000000 1.000000
0.920674 0.237134 -0.310045 -14.655015 -0.131267 0.936142 0.326200 93.725067 0.367599 -0.259625 0.893009 14.708158 0.000000 0.000000 0.000000 1.000000
0.923204 0.230917 -0.307201 -14.354173 -0.120861 0.933248 0.338292 93.663559 0.364812 -0.275184 0.889487 13.911761 0.000000 0.000000 0.000000 1.000000
0.925058 0.219304 -0.310118 -13.440908 -0.114308 0.939364 0.323309 94.378731 0.362216 -0.263631 0.894035 12.077467 0.000000 0.000000 0.000000 1.000000
0.925042 0.205076 -0.319750 -12.203037 -0.112339 0.951788 0.285445 95.236504 0.362873 -0.228128 0.903483 9.494997 0.000000 0.000000 0.000000 1.000000
0.923761 0.186730 -0.334360 -10.866781 -0.106739 0.964015 0.243479 95.575363 0.367793 -0.189227 0.910451 6.562559 0.000000 0.000000 0.000000 1.000000
0.922768 0.158404 -0.351293 -9.414935 -0.085076 0.972857 0.215202 95.279465 0.375847 -0.168695 0.911198 3.506347 0.000000 0.000000 0.000000 1.000000
0.921546 0.124492 -0.367769 -7.837625 -0.051686 0.978107 0.201582 94.522751 0.384813 -0.166759 0.907805 0.519282 0.000000 0.000000 0.000000 1.000000
0.919787 0.094235 -0.380936 -6.245590 -0.022555 0.981829 0.188422 93.420723 0.391770 -0.164716 0.905199 -2.145082 0.000000 0.000000 0.000000 1.000000
0.920181 0.068667 -0.385424 -4.721475 -0.005245 0.986571 0.163246 92.624893 0.391458 -0.148194 0.908184 -4.319608 0.000000 0.000000 0.000000 1.000000
0.925284 0.044174 -0.376693 -3.379035 0.003458 0.992171 0.124843 92.996712 0.379258 -0.116817 0.917887 -6.052332 0.000000 0.000000 0.000000 1.000000
0.934139 0.017822 -0.356464 -2.394248 0.009971 0.997060 0.075978 94.998344 0.356770 -0.074528 0.931215 -7.589910 0.000000 0.000000 0.000000 1.000000
0.943166 -0.009318 -0.332192 -1.836337 0.016184 0.999709 0.017910 98.167984 0.331928 -0.022269 0.943042 -9.060906 0.000000 0.000000 0.000000 1.000000
0.950564 -0.038276 -0.308161 -1.604079 0.026191 0.998721 -0.043260 101.448875 0.309423 0.033050 0.950350 -10.420814 0.000000 0.000000 0.000000 1.000000
0.956922 -0.068893 -0.282054 -1.488916 0.043969 0.994623 -0.093767 103.760460 0.286997 0.077326 0.954805 -11.562211 0.000000 0.000000 0.000000 1.000000
0.963574 -0.098616 -0.248596 -1.328709 0.069699 0.990009 -0.122573 104.743309 0.258200 0.100782 0.960820 -12.425047 0.000000 0.000000 0.000000 1.000000
0.971340 -0.121208 -0.204469 -1.076307 0.095400 0.986688 -0.131702 104.457573 0.217710 0.108421 0.969973 -13.137271 0.000000 0.000000 0.000000 1.000000
0.980564 -0.125715 -0.150631 -0.799910 0.105888 0.985427 -0.133124 103.330696 0.165171 0.114586 0.979586 -13.891418 0.000000 0.000000 0.000000 1.000000
0.989925 -0.107650 -0.091983 -0.612972 0.094466 0.986014 -0.137308 101.803406 0.105478 0.127235 0.986248 -14.802080 0.000000 0.000000 0.000000 1.000000
0.996764 -0.072751 -0.034186 -0.576290 0.067003 0.986916 -0.146655 100.469666 0.044408 0.143890 0.988597 -15.714437 0.000000 0.000000 0.000000 1.000000
0.999203 -0.034554 0.019997 -0.647179 0.037288 0.986695 -0.158251 100.000191 -0.014263 0.158870 0.987196 -16.283489 0.000000 0.000000 0.000000 1.000000
0.997620 -0.004335 0.068818 -0.668896 0.015949 0.985465 -0.169127 100.575089 -0.067085 0.169822 0.983189 -16.235044 0.000000 0.000000 0.000000 1.000000
0.994111 0.016131 0.107156 -0.466629 0.003049 0.984303 -0.176463 101.735794 -0.108320 0.175751 0.978457 -15.550798 0.000000 0.000000 0.000000 1.000000
0.991287 0.031950 0.127785 0.050559 -0.009126 0.984464 -0.175349 102.664879 -0.131402 0.172655 0.976178 -14.427403 0.000000 0.000000 0.000000 1.000000
0.990257 0.048312 0.130602 0.816027 -0.027083 0.986797 -0.159684 102.615952 -0.136592 0.154592 0.978491 -13.103771 0.000000 0.000000 0.000000 1.000000
0.989658 0.062538 0.129098 1.722592 -0.046036 0.990825 -0.127067 101.426529 -0.135860 0.119810 0.983457 -11.786133 0.000000 0.000000 0.000000 1.000000
0.987799 0.068758 0.139732 2.658110 -0.057471 0.994869 -0.083269 99.363258 -0.144740 0.074222 0.986682 -10.538797 0.000000 0.000000 0.000000 1.000000
0.984100 0.062949 0.166084 3.532083 -0.057357 0.997620 -0.038259 97.148773 -0.168097 0.028125 0.985369 -9.249624 0.000000 0.000000 0.000000 1.000000
0.979678 0.045193 0.195421 4.493190 -0.046672 0.998906 0.002966 95.578964 -0.195073 -0.012026 0.980715 -7.761310 0.000000 0.000000 0.000000 1.000000
0.977189 0.020514 0.211377 5.737961 -0.029996 0.998678 0.041749 95.100159 -0.210241 -0.047137 0.976513 -6.007382 0.000000 0.000000 0.000000 1.000000
0.978072 -0.005872 0.208187 7.261220 -0.010764 0.996841 0.078686 95.743980 -0.207991 -0.079201 0.974919 -4.007639 0.000000 0.000000 0.000000 1.000000
0.980566 -0.030225 0.193848 8.900486 0.008791 0.993838 0.110493 97.119835 -0.195993 -0.106642 0.974789 -1.783869 0.000000 0.000000 0.000000 1.000000
0.982060 -0.054667 0.180472 10.445396 0.030271 0.990347 0.135264 98.609634 -0.186124 -0.127375 0.974235 0.635538 0.000000 0.000000 0.000000 1.000000
0.980787 -0.088011 0.174100 11.806546 0.060637 0.985778 0.156734 99.518082 -0.185418 -0.143166 0.972175 3.195098 0.000000 0.000000 0.000000 1.000000
0.975706 -0.133285 0.173875 13.063640 0.101389 0.978254 0.180939 99.394760 -0.194211 -0.158914 0.968002 5.740254 0.000000 0.000000 0.000000 1.000000
0.967637 -0.179929 0.176932 14.299569 0.141490 0.967411 0.209990 98.168388 -0.208949 -0.178160 0.961561 8.035749 0.000000 0.000000 0.000000 1.000000
0.959890 -0.214631 0.180402 15.421566 0.168730 0.956075 0.239689 96.248741 -0.223923 -0.199635 0.953942 9.862790 0.000000 0.000000 0.000000 1.000000
0.956589 -0.228346 0.181096 16.104664 0.177040 0.948885 0.261294 94.464371 -0.231504 -0.217889 0.948119 10.975764 0.000000 0.000000 0.000000 1.000000
0.958524 -0.225635 0.174130 16.092398 0.175031 0.948185 0.265160 93.520340 -0.224936 -0.223684 0.948351 11.132545 0.000000 0.000000 0.000000 1.000000
0.963763 -0.216689 0.155583 15.383906 0.174588 0.953344 0.246282 93.702850 -0.201691 -0.210194 0.956629 10.189525 0.000000 0.000000 0.000000 1.000000
0.969998 -0.206407 0.128450 14.155632 0.176935 0.961720 0.209260 94.803207 -0.166725 -0.180254 0.969387 8.201143 0.000000 0.000000 0.000000 1.000000
0.975162 -0.196120 0.102935 12.771276 0.177271 0.969691 0.168149 95.978241 -0.132793 -0.145725 0.980372 5.555390 0.000000 0.000000 0.000000 1.000000
0.978612 -0.184798 0.090374 11.414743 0.171315 0.975322 0.139274 96.427620 -0.113881 -0.120813 0.986121 2.762903 0.000000 0.000000 0.000000 1.000000
0.980252 -0.172662 0.096405 10.002644 0.159516 0.978522 0.130573 95.871040 -0.116879 -0.112616 0.986741 0.241871 0.000000 0.000000 0.000000 1.000000
0.980297 -0.159072 0.117102 8.387122 0.142627 0.980178 0.137511 94.818787 -0.136655 -0.118100 0.983554 -1.858464 0.000000 0.000000 0.000000 1.000000
0.979487 -0.142982 0.141991 6.540256 0.121597 0.981282 0.149330 94.128677 -0.160684 -0.129001 0.978539 -3.507699 0.000000 0.000000 0.000000 1.000000
0.979962 -0.119591 0.159290 4.585936 0.094587 0.983179 0.156243 94.630760 -0.175296 -0.138045 0.974790 -4.763902 0.000000 0.000000 0.000000 1.000000
0.982781 -0.086734 0.163154 2.715442 0.061726 0.986367 0.152546 96.448044 -0.174161 -0.139849 0.974736 -5.739673 0.000000 0.000000 0.000000 1.000000
0.986928 -0.047445 0.154022 1.071460 0.026079 0.990105 0.137880 98.992165 -0.159040 -0.132061 0.978400 -6.577803 0.000000 0.000000 0.000000 1.000000
0.991041 -0.006957 0.133378 -0.287968 -0.008916 0.992969 0.118040 101.471764 -0.133261 -0.118172 0.984011 -7.432258 0.000000 0.000000 0.000000 1.000000
0.994429 0.031512 0.100588 -1.389305 -0.041809 0.993910 0.101954 103.216164 -0.096763 -0.105591 0.989691 -8.325006 0.000000 0.000000 0.000000 1.000000
0.995971 0.070145 0.055874 -2.336630 -0.075235 0.992639 0.094911 103.793289 -0.048805 -0.098732 0.993917 -9.198713 0.000000 0.000000 0.000000 1.000000
0.994192 0.107496 0.005086 -3.268076 -0.107491 0.989635 0.095225 103.239876 0.005203 -0.095219 0.995443 -9.966756 0.000000 0.000000 0.000000 1.000000
0.989387 0.140156 -0.038339 -4.326717 -0.135922 0.985978 0.096816 101.850822 0.051371 -0.090577 0.994564 -10.602057 0.000000 0.000000 0.000000 1.000000
0.985016 0.160208 -0.063849 -5.486821 -0.153937 0.983662 0.093338 100.172821 0.077759 -0.082110 0.993585 -11.054614 0.000000 0.000000 0.000000 1.000000
0.983173 0.164382 -0.079680 -6.463836 -0.157835 0.984012 0.082515 99.092110 0.091970 -0.068550 0.993399 -11.212403 0.000000 0.000000 0.000000 1.000000
0.980941 0.162773 -0.106115 -7.019540 -0.156287 0.985445 0.066871 99.054817 0.115455 -0.049012 0.992103 -11.011305 0.000000 0.000000 0.000000 1.000000
0.973828 0.168103 -0.152974 -7.174601 -0.162176 0.985468 0.050519 99.978287 0.159243 -0.024388 0.986938 -10.587425 0.000000 0.000000 0.000000 1.000000
0.961606 0.181568 -0.205785 -7.079425 -0.177891 0.983377 0.036393 101.190285 0.208972 0.001612 0.977920 -10.137874 0.000000 0.000000 0.000000 1.000000
0.950590 0.195834 -0.240891 -6.839992 -0.195414 0.980379 0.025872 101.796715 0.241231 0.022480 0.970207 -9.763721 0.000000 0.000000 0.000000 1.000000
0.945358 0.207282 -0.251661 -6.455549 -0.208861 0.977726 0.020726 101.383698 0.250352 0.032968 0.967593 -9.455640 0.000000 0.000000 0.000000 1.000000
0.943364 0.212749 -0.254563 -5.951245 -0.213821 0.976583 0.023788 99.892578 0.253663 0.031990 0.966764 -9.140543 0.000000 0.000000 0.000000 1.000000
0.939830 0.206944 -0.271833 -5.353775 -0.205160 0.978092 0.035299 97.509659 0.273182 0.022594 0.961697 -8.827722 0.000000 0.000000 0.000000 1.000000
0.931856 0.189487 -0.309418 -4.510451 -0.183214 0.981826 0.049493 95.003410 0.313173 0.010570 0.949637 -8.599484 0.000000 0.000000 0.000000 1.000000
0.922205 0.162615 -0.350848 -3.192373 -0.152341 0.986689 0.056893 93.530350 0.355429 0.000982 0.934703 -8.503070 0.000000 0.000000 0.000000 1.000000
0.919529 0.123640 -0.373067 -1.365616 -0.112960 0.992318 0.050446 93.741150 0.376438 -0.004245 0.926432 -8.488633 0.000000 0.000000 0.000000 1.000000
0.928414 0.069431 -0.365003 0.781834 -0.063106 0.997578 0.029246 95.383621 0.366149 -0.004119 0.930547 -8.466172 0.000000 0.000000 0.000000 1.000000
0.943726 0.000928 -0.330728 2.991475 -0.001806 0.999996 -0.002347 97.630714 0.330724 0.002812 0.943723 -8.356822 0.000000 0.000000 0.000000 1.000000
0.956945 -0.075547 -0.280265 5.075820 0.067763 0.997001 -0.037378 99.521019 0.282248 0.016777 0.959195 -8.097680 0.000000 0.000000 0.000000 1.000000
0.963309 -0.151439 -0.221592 6.979053 0.140165 0.987937 -0.065841 100.251923 0.228889 0.032366 0.972914 -7.656819 0.000000 0.000000 0.000000 1.000000
0.961757 -0.220404 -0.162622 8.738913 0.210837 0.974707 -0.074126 99.435753 0.174847 0.037005 0.983900 -7.085447 0.000000 0.000000 0.000000 1.000000
0.955255 -0.271946 -0.116335 10.565486 0.267316 0.962094 -0.054009 97.271584 0.126613 0.020495 0.991741 -6.547683 0.000000 0.000000 0.000000 1.000000
0.947218 -0.306469 -0.094094 12.428573 0.306487 0.951763 -0.014620 94.512650 0.094036 -0.014990 0.995456 -6.275167 0.000000 0.000000 0.000000 1.000000
0.941251 -0.322849 -0.099067 13.977827 0.326201 0.945104 0.019286 92.158554 0.087402 -0.050468 0.994894 -6.362522 0.000000 0.000000 0.000000 1.000000
0.939592 -0.318869 -0.124459 14.690781 0.324353 0.945577 0.026066 91.106644 0.109373 -0.064860 0.991882 -6.689821 0.000000 0.000000 0.000000 1.000000
0.941802 -0.297597 -0.156350 14.222820 0.301668 0.953410 0.002425 91.801460 0.148344 -0.049449 0.987699 -7.053729 0.000000 0.000000 0.000000 1.000000
0.947024 -0.265939 -0.180061 12.762350 0.262998 0.963947 -0.040465 93.862717 0.184331 -0.009034 0.982823 -7.400931 0.000000 0.000000 0.000000 1.000000
0.953625 -0.234271 -0.188987 10.728528 0.221225 0.971271 -0.087706 96.334709 0.204105 0.041830 0.978055 -7.759209 0.000000 0.000000 0.000000 1.000000
0.960038 -0.205885 -0.189577 8.542003 0.184801 0.975040 -0.123065 98.231133 0.210182 0.083113 0.974123 -8.134851 0.000000 0.000000 0.000000 1.000000
0.964795 -0.177623 -0.193962 6.393233 0.153931 0.979337 -0.131166 98.985199 0.213252 0.096692 0.972201 -8.482962 0.000000 0.000000 0.000000 1.000000
0.967120 -0.148814 -0.206236 4.253637 0.128823 0.985850 -0.107262 98.539703 0.219280 0.077168 0.972606 -8.818555 0.000000 0.000000 0.000000 1.000000
0.968284 -0.121004 -0.218596 2.069823 0.109524 0.991925 -0.063942 97.194527 0.224568 0.037972 0.973718 -9.188390 0.000000 0.000000 0.000000 1.000000
0.971034 -0.093371 -0.219942 -0.044865 0.090468 0.995628 -0.023256 95.714302 0.221152 0.002685 0.975236 -9.589683 0.000000 0.000000 0.000000 1.000000
0.976183 -0.066756 -0.206424 -1.942004 0.068008 0.997684 -0.001037 95.005096 0.206015 -0.013027 0.978462 -9.948618 0.000000 0.000000 0.000000 1.000000
0.981625 -0.043510 -0.185793 -3.467972 0.044379 0.999015 0.000518 95.676773 0.185587 -0.008753 0.982589 -10.214524 0.000000 0.000000 0.000000 1.000000
0.984831 -0.029802 -0.170939 -4.602303 0.028061 0.999527 -0.012593 97.860901 0.171234 0.007605 0.985201 -10.404321 0.000000 0.000000 0.000000 1.000000
0.985350 -0.029520 -0.167971 -5.466871 0.023791 0.999068 -0.036015 101.007103 0.168878 0.031491 0.985134 -10.559316 0.000000 0.000000 0.000000 1.000000
0.984697 -0.036424 -0.170428 -6.259712 0.025194 0.997395 -0.067597 103.973396 0.172447 0.062269 0.983049 -10.666114 0.000000 0.000000 0.000000 1.000000
0.985351 -0.040232 -0.165725 -7.140979 0.024048 0.994844 -0.098528 105.881645 0.168835 0.093100 0.981238 -10.623087 0.000000 0.000000 0.000000 1.000000
0.988403 -0.039447 -0.146642 -8.127356 0.022685 0.993191 -0.114265 106.274048 0.150151 0.109613 0.982568 -10.327752 0.000000 0.000000 0.000000 1.000000
0.992298 -0.031247 -0.119865 -9.040868 0.018275 0.994001 -0.107830 105.561081 0.122515 0.104809 0.986917 -9.906527 0.000000 0.000000 0.000000 1.000000
0.994854 -0.015152 -0.100176 -9.781971 0.006340 0.996126 -0.087706 104.020836 0.101117 0.086619 0.991097 -9.599192 0.000000 0.000000 0.000000 1.000000
0.995368 0.003865 -0.096063 -10.381780 -0.010621 0.997496 -0.069916 102.100311 0.095552 0.070612 0.992917 -9.536692 0.000000 0.000000 0.000000 1.000000
0.994730 0.014232 -0.101536 -10.925261 -0.020816 0.997727 -0.064087 100.448509 0.100393 0.065863 0.992765 -9.696508 0.000000 0.000000 0.000000 1.000000
0.995000 0.008780 -0.099490 -11.503136 -0.015671 0.997514 -0.068698 99.642593 0.098640 0.069914 0.992664 -9.804995 0.000000 0.000000 0.000000 1.000000
0.996972 -0.013423 -0.076597 -12.194376 0.007642 0.997133 -0.075281 99.760193 0.077388 0.074468 0.994216 -9.576986 0.000000 0.000000 0.000000 1.000000
0.998360 -0.043338 -0.037404 -13.067415 0.040465 0.996405 -0.074426 100.160248 0.040495 0.072790 0.996525 -8.923671 0.000000 0.000000 0.000000 1.000000
0.997370 -0.072467 0.001217 -14.145377 0.072408 0.995532 -0.060600 100.134468 0.003180 0.060529 0.998161 -8.012952 0.000000 0.000000 0.000000 1.000000
0.995022 -0.096039 0.026604 -15.336070 0.096914 0.994719 -0.033803 99.422440 -0.023218 0.036213 0.999074 -7.005307 0.000000 0.000000 0.000000 1.000000
0.993230 -0.110133 0.036936 -16.461634 0.110189 0.993910 0.000508 98.179848 -0.036767 0.003566 0.999318 -5.967808 0.000000 0.000000 0.000000 1.000000
0.992800 -0.114482 0.035249 -17.435444 0.113338 0.993012 0.032896 96.857567 -0.038768 -0.028664 0.998837 -4.970580 0.000000 0.000000 0.000000 1.000000
0.993749 -0.108856 0.024755 -18.405506 0.107375 0.992705 0.054845 96.050888 -0.030545 -0.051844 0.998188 -4.086124 0.000000 0.000000 0.000000 1.000000
0.995795 -0.090853 0.011739 -19.608522 0.089920 0.993871 0.064304 96.197464 -0.017509 -0.062978 0.997861 -3.373300 0.000000 0.000000 0.000000 1.000000
0.998206 -0.059659 0.005096 -21.127274 0.059199 0.996102 0.065395 97.349846 -0.008977 -0.064976 0.997846 -2.842271 0.000000 0.000000 0.000000 1.000000
0.999815 -0.016979 0.009041 -22.834372 0.016383 0.997919 0.062360 99.029289 -0.010081 -0.062200 0.998013 -2.405992 0.000000 0.000000 0.000000 1.000000
0.999375 0.030236 0.018320 -24.584616 -0.031216 0.997954 0.055796 100.638336 -0.016596 -0.056332 0.998274 -1.927143 0.000000 0.000000 0.000000 1.000000
0.996933 0.073737 0.026214 -26.370352 -0.074881 0.996143 0.045731 101.602867 -0.022741 -0.047554 0.998610 -1.368281 0.000000 0.000000 0.000000 1.000000
0.993263 0.109994 0.036471 -28.251564 -0.111292 0.993146 0.035701 101.407242 -0.032294 -0.039520 0.998697 -0.849770 0.000000 0.000000 0.000000 1.000000
0.988231 0.140496 0.060498 -30.248386 -0.142552 0.989298 0.031112 99.872780 -0.055480 -0.039370 0.997683 -0.589461 0.000000 0.000000 0.000000 1.000000
0.981653 0.160884 0.102338 -32.336658 -0.164954 0.985763 0.032580 97.530762 -0.095639 -0.048864 0.994216 -0.778178 0.000000 0.000000 0.000000 1.000000
0.973671 0.172650 0.148851 -34.023891 -0.179326 0.983251 0.032558 95.379623 -0.140736 -0.058394 0.988324 -1.317024 0.000000 0.000000 0.000000 1.000000
0.967691 0.176849 0.179717 -34.768532 -0.183661 0.982746 0.021867 94.410889 -0.172749 -0.054168 0.983475 -1.962413 0.000000 0.000000 0.000000 1.000000
0.967696 0.174017 0.182434 -34.265530 -0.176951 0.984220 -0.000198 95.030899 -0.179590 -0.032091 0.983218 -2.517890 0.000000 0.000000 0.000000 1.000000
0.972534 0.168021 0.161081 -32.591499 -0.165629 0.985783 -0.028257 96.865578 -0.163538 0.000801 0.986537 -2.891537 0.000000 0.000000 0.000000 1.000000
0.978225 0.162832 0.128689 -30.214176 -0.156776 0.986049 -0.055934 98.909225 -0.136002 0.034541 0.990106 -3.128506 0.000000 0.000000 0.000000 1.000000
0.982514 0.159635 0.095832 -27.716841 -0.152661 0.985337 -0.076199 100.134773 -0.106590 0.060237 0.992477 -3.264554 0.000000 0.000000 0.000000 1.000000
