<?xml version="1.0" encoding="utf-8"?>
<COLLADA xmlns="http://www.collada.org/2005/11/COLLADASchema" version="1.4.1">
  <asset>
    <contributor>
      <author>Mixamo</author>
      <authoring_tool>COLLADA Mixamo exporter</authoring_tool>
      <comments/>
    </contributor>
    <created>2024-05-03T13:16:14Z</created>
    <modified>2024-05-03T13:16:14Z</modified>
    <revision/>
    <title/>
    <unit meter="0.010000"/>
    <up_axis>Y_UP</up_axis>
  </asset>
  <library_animations>
    <animation id="mixamorig_Hips-anim" name="mixamorig_Hips">
      <source id="mixamorig_Hips-Matrix-animation-input">
        <float_array id="mixamorig_Hips-Matrix-animation-input-array" count="213">

0.000000 0.033333 0.066667 0.100000 0.133333 0.166667 0.200000 0.233333 0.266667 0.300000 0.333333 0.366667 0.400000 0.433333 0.466667 0.500000
0.533333 0.566667 0.600000 0.633333 0.666667 0.700000 0.733333 0.766667 0.800000 0.833333 0.866667 0.900000 0.933333 0.966667 1.000000 1.033333
1.066667 1.100000 1.133333 1.166667 1.200000 1.233333 1.266667 1.300000 1.333333 1.366667 1.400000 1.433333 1.466667 1.500000 1.533333 1.566667
1.600000 1.633333 1.666667 1.700000 1.733333 1.766667 1.800000 1.833333 1.866667 1.900000 1.933333 1.966667 2.000000 2.033333 2.066667 2.100000
2.133333 2.166667 2.200000 2.233333 2.266667 2.300000 2.333333 2.366667 2.400000 2.433333 2.466667 2.500000 2.533333 2.566667 2.600000 2.633333
2.666667 2.700000 2.733333 2.766667 2.800000 2.833333 2.866667 2.900000 2.933333 2.966667 3.000000 3.033333 3.066667 3.100000 3.133333 3.166667
3.200000 3.233333 3.266667 3.300000 3.333333 3.366667 3.400000 3.433333 3.466667 3.500000 3.533333 3.566667 3.600000 3.633333 3.666667 3.700000
3.733333 3.766667 3.800000 3.833333 3.866667 3.900000 3.933333 3.966667 4.000000 4.033333 4.066667 4.100000 4.133333 4.166667 4.200000 4.233333
4.266667 4.300000 4.333333 4.366667 4.400000 4.433333 4.466667 4.500000 4.533333 4.566667 4.600000 4.633333 4.666667 4.700000 4.733333 4.766667
4.800000 4.833333 4.866667 4.900000 4.933333 4.966667 5.000000 5.033333 5.066667 5.100000 5.133333 5.166667 5.200000 5.233333 5.266667 5.300000
5.333333 5.366667 5.400000 5.433333 5.466667 5.500000 5.533333 5.566667 5.600000 5.633333 5.666667 5.700000 5.733333 5.766667 5.800000 5.833333
5.866667 5.900000 5.933333 5.966667 6.000000 6.033333 6.066667 6.100000 6.133333 6.166667 6.200000 6.233333 6.266667 6.300000 6.333333 6.366667
6.400000 6.433333 6.466667 6.500000 6.533333 6.566667 6.600000 6.633333 6.666667 6.700000 6.733333 6.766667 6.800000 6.833333 6.866667 6.900000
6.933333 6.966667 7.000000 7.033333 7.066667</float_array>
        <technique_common>
          <accessor source="#mixamorig_Hips-Matrix-animation-input-array" count="213">
            <param name="TIME" type="float"/>
          </accessor>
        </technique_common>
      </source>
      <source id="mixamorig_Hips-Matrix-animation-output-transform">
        <float_array id="mixamorig_Hips-Matrix-animation-output-transform-array" count="3408">

0.792172 -0.239261 -0.561443 -5.044394 -0.021566 0.908399 -0.417547 99.426994 0.609917 0.342877 0.714448 -0.471441 0.000000 0.000000 0.000000 1.000000
0.814824 -0.258702 -0.518782 -4.245915 0.009490 0.900735 -0.434265 99.431755 0.579630 0.348927 0.736396 -0.780257 0.000000 0.000000 0.000000 1.000000
0.835536 -0.284700 -0.469920 -3.558411 0.048136 0.889920 -0.453569 99.297455 0.547323 0.356353 0.757265 -0.959562 0.000000 0.000000 0.000000 1.000000
0.841891 -0.308606 -0.442699 -3.236559 0.075989 0.879967 -0.468917 99.094589 0.534271 0.361137 0.764287 -0.895838 0.000000 0.000000 0.000000 1.000000
0.832477 -0.321637 -0.451145 -3.407851 0.081050 0.876187 -0.475107 98.976486 0.548100 0.358950 0.755474 -0.596867 0.000000 0.000000 0.000000 1.000000
0.814291 -0.315692 -0.487102 -4.049975 0.063077 0.882327 -0.466390 99.006195 0.577019 0.349052 0.738384 -0.114734 0.000000 0.000000 0.000000 1.000000
0.795213 -0.288780 -0.533143 -5.081621 0.031407 0.897734 -0.439418 99.183662 0.605516 0.332687 0.722959 0.512066 0.000000 0.000000 0.000000 1.000000
0.780444 -0.243755 -0.575753 -6.334157 -0.004898 0.918459 -0.395485 99.480522 0.625207 0.311474 0.715612 1.242926 0.000000 0.000000 0.000000 1.000000
0.772980 -0.186266 -0.606471 -7.579909 -0.041940 0.938836 -0.341800 99.837753 0.633043 0.289640 0.717890 2.070795 0.000000 0.000000 0.000000 1.000000
0.774125 -0.123085 -0.620951 -8.641680 -0.080292 0.953901 -0.289181 100.137001 0.627920 0.273720 0.728557 3.050432 0.000000 0.000000 0.000000 1.000000
0.781670 -0.062980 -0.620504 -9.496159 -0.115847 0.962914 -0.243670 100.430428 0.612838 0.262353 0.745386 4.182677 0.000000 0.000000 0.000000 1.000000
0.791030 -0.007046 -0.611737 -10.075690 -0.148155 0.967963 -0.202727 100.658340 0.593567 0.250995 0.764643 5.351901 0.000000 0.000000 0.000000 1.000000
0.794872 0.046822 -0.604968 -10.285396 -0.178113 0.971102 -0.158864 100.816422 0.580047 0.234029 0.780241 6.406080 0.000000 0.000000 0.000000 1.000000
0.785851 0.105904 -0.609280 -10.011958 -0.211189 0.971956 -0.103448 100.906830 0.581238 0.209968 0.786178 7.226429 0.000000 0.000000 0.000000 1.000000
0.762721 0.174740 -0.622673 -9.227139 -0.246502 0.968674 -0.030107 100.890701 0.597907 0.176454 0.781902 7.694710 0.000000 0.000000 0.000000 1.000000
0.732667 0.248107 -0.633752 -7.945903 -0.272119 0.960305 0.061358 100.717178 0.623819 0.127501 0.771099 7.708753 0.000000 0.000000 0.000000 1.000000
0.703321 0.321090 -0.634224 -6.036522 -0.286296 0.944565 0.160720 100.352196 0.650672 0.068539 0.756260 7.277691 0.000000 0.000000 0.000000 1.000000
0.677659 0.380868 -0.629061 -3.589313 -0.285740 0.924586 0.251980 99.828362 0.677592 0.008992 0.735383 6.561679 0.000000 0.000000 0.000000 1.000000
0.656602 0.411903 -0.631831 -0.949891 -0.260556 0.910009 0.322481 98.873657 0.707803 -0.047114 0.704837 5.748713 0.000000 0.000000 0.000000 1.000000
0.637998 0.415094 -0.648580 1.706538 -0.219097 0.905311 0.363880 97.654022 0.738211 -0.090053 0.668532 5.073250 0.000000 0.000000 0.000000 1.000000
0.622317 0.395467 -0.675521 4.395786 -0.176527 0.911665 0.371087 96.366043 0.762601 -0.111686 0.637155 4.609751 0.000000 0.000000 0.000000 1.000000
0.614112 0.354597 -0.705072 7.161096 -0.139866 0.928138 0.344960 95.057526 0.776726 -0.113228 0.619577 4.260313 0.000000 0.000000 0.000000 1.000000
0.613215 0.290337 -0.734623 9.904646 -0.102770 0.951421 0.290234 93.798759 0.783202 -0.102479 0.613264 3.918030 0.000000 0.000000 0.000000 1.000000
0.608454 0.198889 -0.768263 12.330002 -0.055220 0.976350 0.209026 92.847260 0.791666 -0.084759 0.605046 3.597957 0.000000 0.000000 0.000000 1.000000
0.587851 0.083694 -0.804628 14.202693 -0.005772 0.995042 0.099284 92.287552 0.808949 -0.053720 0.585420 3.396379 0.000000 0.000000 0.000000 1.000000
0.556513 -0.042018 -0.829776 15.435836 0.034607 0.999026 -0.027379 92.172752 0.830118 -0.013479 0.557425 3.398367 0.000000 0.000000 0.000000 1.000000
0.531210 -0.143790 -0.834950 16.201033 0.061686 0.989442 -0.131150 92.479095 0.844992 0.018164 0.534471 3.567870 0.000000 0.000000 0.000000 1.000000
0.518617 -0.188834 -0.833893 16.678661 0.076961 0.981657 -0.174431 92.958572 0.851536 0.026285 0.523637 3.805525 0.000000 0.000000 0.000000 1.000000
0.513916 -0.166120 -0.841602 16.805674 0.073360 0.985987 -0.149823 93.383743 0.854698 0.015256 0.518901 4.123572 0.000000 0.000000 0.000000 1.000000
0.508836 -0.082773 -0.856875 16.254774 0.043828 0.996567 -0.070240 93.778816 0.859747 -0.001815 0.510716 4.667636 0.000000 0.000000 0.000000 1.000000
0.500956 0.041713 -0.864467 14.909727 -0.005845 0.998978 0.044817 94.481750 0.865453 -0.017399 0.500688 5.506819 0.000000 0.000000 0.000000 1.000000
0.504378 0.175031 -0.845557 13.119148 -0.062718 0.984080 0.166294 95.692467 0.861202 -0.030844 0.507326 6.491570 0.000000 0.000000 0.000000 1.000000
0.537206 0.276728 -0.796763 11.384104 -0.118540 0.960041 0.253513 97.133270 0.835080 -0.041740 0.548543 7.398705 0.000000 0.000000 0.000000 1.000000
0.601489 0.323468 -0.730465 10.010407 -0.170582 0.945276 0.278129 98.410049 0.780457 -0.042687 0.623751 8.150558 0.000000 0.000000 0.000000 1.000000
0.682502 0.323356 -0.655463 9.009681 -0.215133 0.945957 0.242657 99.298561 0.698504 -0.024602 0.715183 8.752449 0.000000 0.000000 0.000000 1.000000
0.759724 0.302052 -0.575834 8.283141 -0.246737 0.953244 0.174490 99.849739 0.601615 0.009516 0.798729 9.127426 0.000000 0.000000 0.000000 1.000000
0.821860 0.273274 -0.499868 7.733471 -0.258530 0.960793 0.100195 100.289421 0.507650 0.046885 0.860287 9.152578 0.000000 0.000000 0.000000 1.000000
0.869970 0.241160 -0.430108 7.363584 -0.255386 0.966507 0.025353 100.862579 0.421817 0.087787 0.902421 8.843565 0.000000 0.000000 0.000000 1.000000
0.910342 0.207623 -0.358009 7.117026 -0.242573 0.968567 -0.055105 101.534828 0.335314 0.137008 0.932091 8.319860 0.000000 0.000000 0.000000 1.000000
0.944458 0.180210 -0.274814 6.920625 -0.224195 0.964744 -0.137861 102.140884 0.240281 0.191816 0.951563 7.673806 0.000000 0.000000 0.000000 1.000000
0.969130 0.165398 -0.182839 6.697214 -0.202616 0.956825 -0.208405 102.663422 0.140475 0.239017 0.960800 6.891319 0.000000 0.000000 0.000000 1.000000
0.982696 0.161647 -0.090441 6.399808 -0.179852 0.949484 -0.257166 103.164879 0.044302 0.268981 0.962126 5.928914 0.000000 0.000000 0.000000 1.000000
0.986436 0.164142 -0.001162 6.022377 -0.157472 0.944303 -0.288954 103.648331 -0.046332 0.285218 0.957342 4.822682 0.000000 0.000000 0.000000 1.000000
0.981547 0.170455 0.086660 5.555448 -0.135373 0.939504 -0.314652 103.998932 -0.135051 0.297114 0.945243 3.701113 0.000000 0.000000 0.000000 1.000000
0.967820 0.182745 0.172997 5.030829 -0.115448 0.933303 -0.340026 104.157478 -0.223597 0.309112 0.924367 2.695267 0.000000 0.000000 0.000000 1.000000
0.945798 0.199547 0.256217 4.478414 -0.097540 0.927074 -0.361967 104.124817 -0.309762 0.317356 0.896288 1.828696 0.000000 0.000000 0.000000 1.000000
0.917209 0.214876 0.335492 3.858045 -0.080326 0.924533 -0.372542 103.936325 -0.390224 0.314750 0.865250 1.039515 0.000000 0.000000 0.000000 1.000000
0.884044 0.222824 0.410872 3.072156 -0.062445 0.927477 -0.368630 103.602997 -0.463214 0.300228 0.833844 0.326521 0.000000 0.000000 0.000000 1.000000
0.846715 0.221105 0.483928 2.057999 -0.040895 0.933914 -0.355150 103.079300 -0.530472 0.280921 0.799802 -0.213653 0.000000 0.000000 0.000000 1.000000
0.802363 0.210763 0.558384 0.841658 -0.013083 0.941559 -0.336593 102.401199 -0.596693 0.262764 0.758230 -0.528684 0.000000 0.000000 0.000000 1.000000
0.748483 0.192077 0.634728 -0.524378 0.019989 0.950166 -0.311104 101.669380 -0.662853 0.245543 0.707343 -0.691777 0.000000 0.000000 0.000000 1.000000
0.689231 0.166558 0.705138 -1.925644 0.049985 0.959970 -0.275608 101.015511 -0.722815 0.225204 0.653315 -0.794430 0.000000 0.000000 0.000000 1.000000
0.636434 0.134345 0.759541 -3.233263 0.073472 0.969679 -0.233077 100.415321 -0.767824 0.204143 0.607266 -0.843092 0.000000 0.000000 0.000000 1.000000
0.601141 0.100419 0.792808 -4.252905 0.088944 0.977502 -0.191254 99.880775 -0.794177 0.185486 0.578685 -0.779194 0.000000 0.000000 0.000000 1.000000
0.586369 0.069348 0.807070 -4.873481 0.097980 0.982942 -0.155646 99.632080 -0.804097 0.170343 0.569572 -0.577309 0.000000 0.000000 0.000000 1.000000
0.591578 0.042932 0.805104 -5.192126 0.103535 0.986268 -0.128669 99.625664 -0.799573 0.159474 0.579009 -0.321571 0.000000 0.000000 0.000000 1.000000
0.616761 0.027104 0.786684 -5.412526 0.103991 0.987842 -0.115564 99.698906 -0.780251 0.153083 0.606443 -0.194861 0.000000 0.000000 0.000000 1.000000
0.659009 0.030607 0.751512 -5.697194 0.096147 0.987546 -0.124533 99.803650 -0.745964 0.154324 0.647859 -0.364667 0.000000 0.000000 0.000000 1.000000
0.709942 0.054096 0.702179 -6.029634 0.079461 0.984526 -0.156187 99.969727 -0.699763 0.166680 0.694658 -0.790429 0.000000 0.000000 0.000000 1.000000
0.758837 0.085352 0.645664 -6.216006 0.058904 0.978318 -0.198554 100.171890 -0.648611 0.188702 0.737357 -1.183600 0.000000 0.000000 0.000000 1.000000
0.796626 0.106983 0.594930 -6.032191 0.044974 0.970995 -0.234831 100.353195 -0.602797 0.213829 0.768709 -1.235244 0.000000 0.000000 0.000000 1.000000
0.816145 0.108528 0.567565 -5.439814 0.045499 0.967086 -0.250349 100.466606 -0.576054 0.230145 0.784344 -0.908109 0.000000 0.000000 0.000000 1.000000
0.813236 0.090112 0.574915 -4.658499 0.060381 0.969539 -0.237377 100.536575 -0.578793 0.227758 0.783023 -0.396282 0.000000 0.000000 0.000000 1.000000
0.791241 0.056468 0.608891 -3.927163 0.083489 0.976428 -0.199045 100.605186 -0.605778 0.208328 0.767875 0.199825 0.000000 0.000000 0.000000 1.000000
0.760459 0.012209 0.649271 -3.293719 0.109745 0.983026 -0.147024 100.642563 -0.640045 0.183060 0.746211 0.957438 0.000000 0.000000 0.000000 1.000000
0.730523 -0.036857 0.681893 -2.675381 0.136463 0.986281 -0.092885 100.654243 -0.669115 0.160908 0.725530 1.931082 0.000000 0.000000 0.000000 1.000000
0.706046 -0.088619 0.702599 -2.101379 0.164736 0.985475 -0.041246 100.618736 -0.688739 0.144865 0.710389 3.007545 0.000000 0.000000 0.000000 1.000000
0.687245 -0.144572 0.711894 -1.718148 0.195025 0.980738 0.010897 100.574509 -0.699757 0.131348 0.702202 3.987185 0.000000 0.000000 0.000000 1.000000
0.670952 -0.208184 0.711676 -1.695219 0.226974 0.971370 0.070166 100.517593 -0.705908 0.114454 0.698995 4.670794 0.000000 0.000000 0.000000 1.000000
0.652562 -0.280153 0.704043 -2.118016 0.257689 0.955812 0.141491 100.427429 -0.712572 0.089093 0.695919 4.890615 0.000000 0.000000 0.000000 1.000000
0.629842 -0.353880 0.691424 -2.998207 0.280700 0.933723 0.222192 100.253174 -0.724228 0.054136 0.687432 4.555480 0.000000 0.000000 0.000000 1.000000
0.606127 -0.416839 0.677388 -4.305996 0.287536 0.908905 0.302019 99.827667 -0.741575 0.011711 0.670768 3.768187 0.000000 0.000000 0.000000 1.000000
0.585403 -0.458917 0.668355 -5.946516 0.272731 0.887800 0.370715 98.963730 -0.763493 -0.034736 0.644881 2.751987 0.000000 0.000000 0.000000 1.000000
0.565267 -0.477331 0.672776 -7.723208 0.236398 0.875106 0.422261 97.746750 -0.790309 -0.079648 0.607509 1.684990 0.000000 0.000000 0.000000 1.000000
0.540739 -0.473028 0.695591 -9.391342 0.182676 0.873212 0.451808 96.381531 -0.821116 -0.117242 0.558591 0.643391 0.000000 0.000000 0.000000 1.000000
0.510733 -0.449097 0.733119 -10.850004 0.123679 0.882232 0.454280 95.010033 -0.850797 -0.141344 0.506128 -0.337900 0.000000 0.000000 0.000000 1.000000
0.479453 -0.407838 0.777041 -12.162183 0.071394 0.900641 0.428660 93.677040 -0.874659 -0.150046 0.460932 -1.252049 0.000000 0.000000 0.000000 1.000000
0.453005 -0.348696 0.820486 -13.387907 0.028394 0.925511 0.377654 92.445457 -0.891056 -0.147782 0.429162 -2.116600 0.000000 0.000000 0.000000 1.000000
0.434884 -0.268208 0.859616 -14.460918 -0.004989 0.953881 0.300144 91.520927 -0.900473 -0.134816 0.413490 -2.888949 0.000000 0.000000 0.000000 1.000000
0.423300 -0.163544 0.891107 -15.184277 -0.023600 0.981248 0.191298 91.102875 -0.905682 -0.102007 0.411502 -3.400915 0.000000 0.000000 0.000000 1.000000
0.416518 -0.046468 0.907939 -15.419177 -0.030757 0.997401 0.065156 91.194809 -0.908607 -0.055065 0.414006 -3.523139 0.000000 0.000000 0.000000 1.000000
0.414133 0.046530 0.909026 -15.279627 -0.045910 0.998489 -0.030194 91.605408 -0.909058 -0.029229 0.415643 -3.404363 0.000000 0.000000 0.000000 1.000000
0.408397 0.080085 0.909284 -14.969249 -0.081092 0.995388 -0.051246 92.095924 -0.909195 -0.052807 0.413008 -3.333189 0.000000 0.000000 0.000000 1.000000
0.397884 0.057839 0.915611 -14.426310 -0.118310 0.992912 -0.011310 92.562569 -0.909775 -0.103826 0.401907 -3.214406 0.000000 0.000000 0.000000 1.000000
0.407206 0.006480 0.913313 -13.429713 -0.135770 0.989294 0.053515 93.229797 -0.903189 -0.145792 0.403726 -2.556549 0.000000 0.000000 0.000000 1.000000
0.461289 -0.050157 0.885831 -11.968655 -0.129636 0.983876 0.123216 94.264252 -0.877728 -0.171674 0.447349 -1.301857 0.000000 0.000000 0.000000 1.000000
0.549721 -0.091589 0.830312 -10.374485 -0.098777 0.979871 0.173484 95.597519 -0.829488 -0.177383 0.529609 0.098837 0.000000 0.000000 0.000000 1.000000
0.637477 -0.107256 0.762967 -8.993289 -0.054000 0.981608 0.183110 96.952988 -0.768575 -0.157928 0.619961 1.355797 0.000000 0.000000 0.000000 1.000000
0.706992 -0.100093 0.700103 -8.039502 -0.015235 0.987549 0.156574 98.006287 -0.707058 -0.121363 0.696664 2.349771 0.000000 0.000000 0.000000 1.000000
0.757856 -0.080908 0.647386 -7.613229 0.011892 0.993829 0.110285 98.798965 -0.652314 -0.075881 0.754141 2.974641 0.000000 0.000000 0.000000 1.000000
0.793408 -0.057995 0.605921 -7.614314 0.031063 0.998011 0.054849 99.485435 -0.607897 -0.024696 0.793631 3.183322 0.000000 0.000000 0.000000 1.000000
0.822784 -0.034692 0.567295 -7.834596 0.045523 0.998951 -0.004935 100.154350 -0.566528 0.029886 0.823500 3.037158 0.000000 0.000000 0.000000 1.000000
0.857491 -0.016776 0.514226 -8.136677 0.057061 0.996403 -0.062645 100.805328 -0.511325 0.083059 0.855364 2.656856 0.000000 0.000000 0.000000 1.000000
0.901206 -0.010940 0.433254 -8.470011 0.066093 0.991457 -0.112445 101.375671 -0.428322 0.129971 0.894230 2.160785 0.000000 0.000000 0.000000 1.000000
0.945911 -0.019968 0.323811 -8.846442 0.074092 0.985023 -0.155694 101.849091 -0.315852 0.171265 0.933223 1.640277 0.000000 0.000000 0.000000 1.000000
0.979487 -0.039257 0.197647 -9.208760 0.078894 0.977249 -0.196877 102.268990 -0.185421 0.208432 0.960300 1.134857 0.000000 0.000000 0.000000 1.000000
0.995668 -0.062178 0.069132 -9.488038 0.076924 0.968507 -0.236804 102.673859 -0.052230 0.241096 0.969095 0.686270 0.000000 0.000000 0.000000 1.000000
0.994896 -0.086936 -0.051233 -9.654337 0.069869 0.959795 -0.271866 103.013763 0.072808 0.266899 0.960970 0.309903 0.000000 0.000000 0.000000 1.000000
0.981308 -0.113948 -0.155082 -9.713394 0.063414 0.952314 -0.298459 103.230209 0.181696 0.283046 0.941739 0.017467 0.000000 0.000000 0.000000 1.000000
0.960598 -0.142205 -0.238809 -9.661292 0.061347 0.946491 -0.316847 103.270592 0.271088 0.289712 0.917921 -0.166851 0.000000 0.000000 0.000000 1.000000
0.936901 -0.170306 -0.305307 -9.500282 0.063917 0.942043 -0.329347 103.152328 0.343703 0.289051 0.893486 -0.234246 0.000000 0.000000 0.000000 1.000000
0.912257 -0.194404 -0.360548 -9.214843 0.066922 0.939111 -0.337033 102.853851 0.404115 0.283332 0.869721 -0.200150 0.000000 0.000000 0.000000 1.000000
0.887374 -0.211014 -0.409928 -8.780516 0.065670 0.937899 -0.340636 102.384117 0.456350 0.275352 0.846124 -0.084303 0.000000 0.000000 0.000000 1.000000
0.862024 -0.219948 -0.456660 -8.158630 0.058084 0.937874 -0.342080 101.701889 0.503529 0.268356 0.821245 0.100583 0.000000 0.000000 0.000000 1.000000
0.836729 -0.220232 -0.501380 -7.287975 0.041338 0.938357 -0.343187 101.049713 0.546055 0.266428 0.794255 0.322533 0.000000 0.000000 0.000000 1.000000
0.814996 -0.214471 -0.538315 -6.212402 0.018755 0.938261 -0.345420 100.526222 0.579163 0.271420 0.768701 0.495999 0.000000 0.000000 0.000000 1.000000
0.802778 -0.210033 -0.558063 -5.098114 -0.000856 0.935503 -0.353318 100.163239 0.596277 0.284114 0.750821 0.557627 0.000000 0.000000 0.000000 1.000000
0.802741 -0.216436 -0.555663 -4.153436 -0.006893 0.928379 -0.371570 99.911568 0.596287 0.302105 0.743757 0.539321 0.000000 0.000000 0.000000 1.000000
0.809636 -0.236528 -0.537163 -3.535398 0.005542 0.918244 -0.395976 99.757141 0.586906 0.317619 0.744755 0.556748 0.000000 0.000000 0.000000 1.000000
0.815148 -0.259695 -0.517777 -3.241827 0.026673 0.909749 -0.414300 99.673615 0.578639 0.323905 0.748507 0.698833 0.000000 0.000000 0.000000 1.000000
0.815061 -0.272325 -0.511385 -3.219633 0.041202 0.907659 -0.417681 99.668579 0.577908 0.319366 0.751018 0.979939 0.000000 0.000000 0.000000 1.000000
0.810889 -0.267222 -0.520626 -3.479733 0.040001 0.912884 -0.406254 99.753616 0.583832 0.308601 0.750937 1.390590 0.000000 0.000000 0.000000 1.000000
0.806713 -0.244531 -0.537977 -4.065326 0.024756 0.923554 -0.382669 99.955681 0.590425 0.295386 0.751097 1.909186 0.000000 0.000000 0.000000 1.000000
0.804939 -0.205954 -0.556468 -4.918561 0.001040 0.938317 -0.345775 100.295151 0.593357 0.277749 0.755502 2.479456 0.000000 0.000000 0.000000 1.000000
0.804256 -0.152303 -0.574435 -5.822258 -0.029830 0.955038 -0.294978 100.693130 0.593534 0.254373 0.763552 3.057255 0.000000 0.000000 0.000000 1.000000
0.800769 -0.090048 -0.592166 -6.556924 -0.066444 0.969179 -0.237228 101.067787 0.595277 0.229310 0.770105 3.663352 0.000000 0.000000 0.000000 1.000000
0.791585 -0.026431 -0.610488 -6.989602 -0.107433 0.977482 -0.181623 101.332909 0.601541 0.209356 0.770920 4.328493 0.000000 0.000000 0.000000 1.000000
0.777259 0.036558 -0.628118 -7.037897 -0.149266 0.980524 -0.127639 101.422989 0.611218 0.192965 0.767578 4.995937 0.000000 0.000000 0.000000 1.000000
0.759184 0.103969 -0.642519 -6.575171 -0.189752 0.979632 -0.065688 101.313278 0.622602 0.171789 0.763449 5.493907 0.000000 0.000000 0.000000 1.000000
0.737131 0.179963 -0.651346 -5.486052 -0.226091 0.974016 0.013247 101.036789 0.636805 0.137499 0.758666 5.611657 0.000000 0.000000 0.000000 1.000000
0.712903 0.256326 -0.652737 -3.789663 -0.248506 0.962741 0.106651 100.527161 0.655755 0.086177 0.750040 5.228614 0.000000 0.000000 0.000000 1.000000
0.690211 0.324183 -0.646926 -1.502328 -0.258688 0.945492 0.197802 100.056000 0.675788 0.030827 0.736451 4.510426 0.000000 0.000000 0.000000 1.000000
0.675172 0.356271 -0.645920 1.002856 -0.236556 0.933961 0.267878 99.154915 0.698702 -0.028067 0.714863 3.634840 0.000000 0.000000 0.000000 1.000000
0.665946 0.354915 -0.656164 3.569036 -0.194787 0.931790 0.306309 98.012253 0.720121 -0.076173 0.689655 2.821633 0.000000 0.000000 0.000000 1.000000
0.661275 0.331029 -0.673153 6.098881 -0.150142 0.937614 0.313588 96.766441 0.734965 -0.106299 0.669722 2.089501 0.000000 0.000000 0.000000 1.000000
0.659854 0.290636 -0.692909 8.532362 -0.108388 0.949337 0.294975 95.578934 0.743535 -0.119538 0.657926 1.372558 0.000000 0.000000 0.000000 1.000000
0.654275 0.260274 -0.710057 10.800858 -0.080006 0.957464 0.277240 94.658905 0.752012 -0.124583 0.647268 0.414530 0.000000 0.000000 0.000000 1.000000
0.646117 0.229886 -0.727795 12.993085 -0.053565 0.964868 0.257215 93.864784 0.761357 -0.127207 0.635732 -0.623292 0.000000 0.000000 0.000000 1.000000
0.633426 0.183306 -0.751778 15.080726 -0.020989 0.975249 0.220110 93.126938 0.773519 -0.123644 0.621595 -1.557619 0.000000 0.000000 0.000000 1.000000
0.609812 0.099104 -0.786325 17.000511 0.027700 0.988880 0.146115 92.423370 0.792062 -0.110884 0.600286 -2.149258 0.000000 0.000000 0.000000 1.000000
0.580647 -0.020989 -0.813885 18.389435 0.075616 0.996737 0.028241 92.048538 0.810636 -0.077941 0.580340 -2.287929 0.000000 0.000000 0.000000 1.000000
0.568252 -0.126443 -0.813082 19.373571 0.103537 0.991257 -0.081791 92.055138 0.816315 -0.037706 0.576375 -2.241142 0.000000 0.000000 0.000000 1.000000
0.576242 -0.183642 -0.796379 20.141045 0.118553 0.982904 -0.140872 92.286072 0.808635 -0.013237 0.588162 -2.157764 0.000000 0.000000 0.000000 1.000000
0.592440 -0.180237 -0.785194 20.622684 0.123591 0.983448 -0.132494 92.542068 0.796078 -0.018549 0.604910 -2.052042 0.000000 0.000000 0.000000 1.000000
0.606421 -0.122815 -0.785602 20.491426 0.112356 0.991322 -0.068245 92.753906 0.787166 -0.046882 0.614957 -1.778099 0.000000 0.000000 0.000000 1.000000
0.617119 -0.025199 -0.786466 19.585524 0.082779 0.996020 0.033041 93.146126 0.782503 -0.085494 0.616749 -1.225011 0.000000 0.000000 0.000000 1.000000
0.632065 0.097046 -0.768814 18.161219 0.037645 0.987110 0.155551 94.080193 0.774000 -0.127260 0.620265 -0.415267 0.000000 0.000000 0.000000 1.000000
0.664164 0.218330 -0.714995 16.614252 -0.025092 0.962376 0.270561 95.517334 0.747166 -0.161756 0.644653 0.566283 0.000000 0.000000 0.000000 1.000000
0.718374 0.301661 -0.626849 15.130865 -0.100981 0.936763 0.335078 96.860695 0.688289 -0.177411 0.703408 1.596480 0.000000 0.000000 0.000000 1.000000
0.780151 0.331952 -0.530257 13.832615 -0.172204 0.928814 0.328100 97.876022 0.601423 -0.164655 0.781779 2.610043 0.000000 0.000000 0.000000 1.000000
0.831980 0.328272 -0.447265 12.896929 -0.225587 0.936678 0.267852 98.487671 0.506872 -0.121950 0.853352 3.568084 0.000000 0.000000 0.000000 1.000000
0.868763 0.310691 -0.385645 12.231956 -0.253738 0.947998 0.192135 98.907684 0.425286 -0.069067 0.902420 4.412123 0.000000 0.000000 0.000000 1.000000
0.895265 0.285562 -0.341986 11.563075 -0.258071 0.958081 0.124418 99.329857 0.363180 -0.023130 0.931432 5.063747 0.000000 0.000000 0.000000 1.000000
0.917911 0.256774 -0.302500 10.914633 -0.250635 0.966242 0.059656 99.913239 0.307606 0.021058 0.951281 5.471334 0.000000 0.000000 0.000000 1.000000
0.941343 0.225744 -0.250824 10.397100 -0.237015 0.971386 -0.015259 100.573059 0.240202 0.073813 0.967913 5.583827 0.000000 0.000000 0.000000 1.000000
0.963880 0.198488 -0.177589 10.012267 -0.218290 0.970770 -0.099776 101.246971 0.152593 0.134938 0.979034 5.367680 0.000000 0.000000 0.000000 1.000000
0.979599 0.182456 -0.084231 9.638353 -0.195087 0.963999 -0.180686 101.960236 0.048232 0.193432 0.979927 4.823680 0.000000 0.000000 0.000000 1.000000
0.983988 0.177151 0.019641 9.181327 -0.166892 0.954434 -0.247392 102.630821 -0.062572 0.240153 0.968716 4.027174 0.000000 0.000000 0.000000 1.000000
0.976395 0.179260 0.120498 8.740984 -0.136526 0.944494 -0.298819 103.230804 -0.167375 0.275314 0.946672 3.123331 0.000000 0.000000 0.000000 1.000000
0.960476 0.185806 0.207271 8.387457 -0.108150 0.935202 -0.337195 103.573601 -0.256493 0.301452 0.918335 2.224736 0.000000 0.000000 0.000000 1.000000
0.940453 0.196265 0.277540 8.079459 -0.086443 0.927720 -0.363130 103.738205 -0.328749 0.317515 0.889443 1.364848 0.000000 0.000000 0.000000 1.000000
0.917417 0.208704 0.338805 7.687500 -0.070348 0.923077 -0.378128 103.801086 -0.391659 0.323067 0.861528 0.520775 0.000000 0.000000 0.000000 1.000000
0.889098 0.220341 0.401191 7.132158 -0.053776 0.920721 -0.386499 103.756180 -0.454546 0.322061 0.830460 -0.321415 0.000000 0.000000 0.000000 1.000000
0.853421 0.228687 0.468374 6.418505 -0.031673 0.919701 -0.391340 103.543587 -0.520258 0.319143 0.792136 -1.108044 0.000000 0.000000 0.000000 1.000000
0.812706 0.230705 0.535055 5.534677 -0.004784 0.920887 -0.389801 103.108765 -0.582654 0.314234 0.749514 -1.725367 0.000000 0.000000 0.000000 1.000000
0.773317 0.222422 0.593725 4.398863 0.022840 0.926065 -0.376673 102.448196 -0.633608 0.304848 0.711061 -2.085949 0.000000 0.000000 0.000000 1.000000
0.740082 0.200916 0.641804 2.963219 0.051582 0.934561 -0.352044 101.604019 -0.670536 0.293647 0.681288 -2.165157 0.000000 0.000000 0.000000 1.000000
0.714826 0.168734 0.678640 1.411963 0.081243 0.943843 -0.320249 100.775513 -0.694567 0.284057 0.660975 -2.027240 0.000000 0.000000 0.000000 1.000000
0.700372 0.130500 0.701747 -0.004851 0.107871 0.952501 -0.284790 100.095718 -0.705580 0.275157 0.653028 -1.821325 0.000000 0.000000 0.000000 1.000000
0.699223 0.094451 0.708637 -1.098527 0.123907 0.960221 -0.250244 99.693726 -0.704084 0.262782 0.659705 -1.707646 0.000000 0.000000 0.000000 1.000000
0.709649 0.071108 0.700958 -1.834646 0.126960 0.965701 -0.226499 99.663818 -0.693022 0.249728 0.676281 -1.722647 0.000000 0.000000 0.000000 1.000000
0.728530 0.070470 0.681379 -2.228821 0.118124 0.966870 -0.226294 99.787262 -0.674752 0.245349 0.696070 -1.756813 0.000000 0.000000 0.000000 1.000000
0.754160 0.093678 0.649974 -2.258695 0.098554 0.962417 -0.253062 99.893967 -0.649253 0.254907 0.716585 -1.667526 0.000000 0.000000 0.000000 1.000000
0.781806 0.127994 0.610243 -1.911080 0.072369 0.953463 -0.292696 99.947563 -0.619307 0.272994 0.736161 -1.357850 0.000000 0.000000 0.000000 1.000000
0.800954 0.152691 0.578928 -1.225320 0.052205 0.945441 -0.321585 100.047943 -0.596445 0.287798 0.749283 -0.799502 0.000000 0.000000 0.000000 1.000000
0.800467 0.155370 0.578890 -0.264061 0.050388 0.944956 -0.323294 100.203552 -0.597255 0.287956 0.748577 -0.083982 0.000000 0.000000 0.000000 1.000000
0.775400 0.138014 0.616204 0.889781 0.065639 0.952922 -0.296027 100.361252 -0.628050 0.269986 0.729836 0.666363 0.000000 0.000000 0.000000 1.000000
0.733649 0.107309 0.671002 2.083142 0.085405 0.965061 -0.247715 100.454613 -0.674140 0.239042 0.698852 1.449772 0.000000 0.000000 0.000000 1.000000
0.693862 0.068008 0.716889 3.137136 0.099417 0.976951 -0.188902 100.504532 -0.713212 0.202343 0.671108 2.341955 0.000000 0.000000 0.000000 1.000000
0.668665 0.022019 0.743237 3.942588 0.108658 0.985938 -0.126965 100.576431 -0.735581 0.165655 0.656870 3.329528 0.000000 0.000000 0.000000 1.000000
0.656256 -0.029858 0.753947 4.484983 0.119938 0.990640 -0.065165 100.684402 -0.744945 0.133192 0.653695 4.266094 0.000000 0.000000 0.000000 1.000000
0.648744 -0.085949 0.756137 4.764435 0.135921 0.990712 -0.004003 100.819885 -0.748770 0.105372 0.654401 4.985834 0.000000 0.000000 0.000000 1.000000
0.640727 -0.148805 0.753210 4.676344 0.157113 0.985690 0.061083 100.935989 -0.751521 0.079201 0.654937 5.382098 0.000000 0.000000 0.000000 1.000000
0.631512 -0.225496 0.741852 4.024909 0.183172 0.973082 0.139853 100.933479 -0.753419 0.047568 0.655818 5.399924 0.000000 0.000000 0.000000 1.000000
0.623551 -0.313768 0.716054 2.724946 0.209611 0.949489 0.233525 100.698997 -0.753158 0.004477 0.657824 5.028612 0.000000 0.000000 0.000000 1.000000
0.619544 -0.391101 0.680592 0.951559 0.226249 0.919214 0.322270 100.156715 -0.751649 -0.045677 0.657979 4.337689 0.000000 0.000000 0.000000 1.000000
0.617712 -0.434018 0.655789 -1.058507 0.223892 0.896458 0.382407 99.239830 -0.753859 -0.089391 0.650926 3.397269 0.000000 0.000000 0.000000 1.000000
0.613068 -0.440994 0.655493 -3.155978 0.202246 0.889665 0.409381 98.024193 -0.763704 -0.118408 0.634615 2.283575 0.000000 0.000000 0.000000 1.000000
0.602008 -0.425055 0.675954 -5.318513 0.167236 0.894884 0.413782 96.606606 -0.780780 -0.136056 0.609812 1.056532 0.000000 0.000000 0.000000 1.000000
0.583096 -0.394506 0.710186 -7.503817 0.122811 0.906937 0.402968 95.123039 -0.803067 -0.147750 0.577280 -0.206867 0.000000 0.000000 0.000000 1.000000
0.556001 -0.348142 0.754758 -9.601257 0.071573 0.924735 0.373821 93.660568 -0.828094 -0.153825 0.539072 -1.415857 0.000000 0.000000 0.000000 1.000000
0.523512 -0.283111 0.803606 -11.500343 0.019816 0.946970 0.320709 92.334999 -0.851788 -0.151971 0.501360 -2.476172 0.000000 0.000000 0.000000 1.000000
0.491211 -0.198616 0.848094 -13.117298 -0.021254 0.970633 0.239623 91.328232 -0.870781 -0.135731 0.472564 -3.320155 0.000000 0.000000 0.000000 1.000000
0.463973 -0.091587 0.881102 -14.323376 -0.042783 0.991164 0.125556 90.816696 -0.884816 -0.095950 0.455954 -3.913710 0.000000 0.000000 0.000000 1.000000
0.446229 0.038581 0.894087 -14.978186 -0.047000 0.998702 -0.019638 90.833305 -0.893684 -0.033259 0.447463 -4.249033 0.000000 0.000000 0.000000 1.000000
0.439605 0.169186 0.882113 -15.134556 -0.050628 0.985205 -0.163728 91.237869 -0.896763 0.027316 0.441667 -4.349154 0.000000 0.000000 0.000000 1.000000
0.442991 0.257398 0.858781 -15.039294 -0.071843 0.965010 -0.252179 91.838684 -0.893643 0.050015 0.445983 -4.215921 0.000000 0.000000 0.000000 1.000000
0.461066 0.281872 0.841407 -14.790823 -0.112928 0.959137 -0.259431 92.448578 -0.880151 0.024596 0.474056 -3.771471 0.000000 0.000000 0.000000 1.000000
0.500891 0.256428 0.826652 -14.252796 -0.159484 0.966094 -0.203047 92.957230 -0.850690 -0.030133 0.524804 -2.970727 0.000000 0.000000 0.000000 1.000000
0.564829 0.209715 0.798115 -13.327778 -0.193735 0.973837 -0.118782 93.491226 -0.802144 -0.087531 0.590681 -1.859348 0.000000 0.000000 0.000000 1.000000
0.649011 0.160152 0.743732 -12.186669 -0.201208 0.978915 -0.035214 94.360474 -0.733690 -0.126790 0.667550 -0.501023 0.000000 0.000000 0.000000 1.000000
0.741968 0.113647 0.660733 -11.151517 -0.178719 0.983394 0.031547 95.653198 -0.646175 -0.141492 0.749958 1.027066 0.000000 0.000000 0.000000 1.000000
0.827861 0.076278 0.555723 -10.474644 -0.138587 0.987811 0.070868 97.123215 -0.543544 -0.135685 0.828341 2.504055 0.000000 0.000000 0.000000 1.000000
0.894948 0.056032 0.442638 -10.207750 -0.099805 0.992084 0.076207 98.430031 -0.434865 -0.112379 0.893456 3.627776 0.000000 0.000000 0.000000 1.000000
0.939729 0.053341 0.337734 -10.262588 -0.073659 0.996146 0.047626 99.392426 -0.333892 -0.069633 0.940036 4.222695 0.000000 0.000000 0.000000 1.000000
0.966169 0.057872 0.251332 -10.547172 -0.058849 0.998260 -0.003632 100.046021 -0.251105 -0.011281 0.967894 4.262204 0.000000 0.000000 0.000000 1.000000
0.981702 0.057751 0.181457 -10.944274 -0.047699 0.997101 -0.059285 100.547661 -0.184355 0.049545 0.981610 3.819913 0.000000 0.000000 0.000000 1.000000
0.992272 0.046747 0.114941 -11.294675 -0.034373 0.993624 -0.107374 101.009018 -0.119227 0.102594 0.987552 3.088185 0.000000 0.000000 0.000000 1.000000
0.998987 0.024533 0.037731 -11.506043 -0.018705 0.988852 -0.147719 101.510231 -0.040935 0.146864 0.988309 2.290574 0.000000 0.000000 0.000000 1.000000
0.998581 -0.005025 -0.053021 -11.574629 -0.004913 0.982602 -0.185660 101.999329 0.053032 0.185657 0.981182 1.535668 0.000000 0.000000 0.000000 1.000000
0.988172 -0.042220 -0.147421 -11.564444 0.007995 0.974230 -0.225415 102.347717 0.153139 0.221570 0.963045 0.817185 0.000000 0.000000 0.000000 1.000000
0.968313 -0.087132 -0.234047 -11.486003 0.022326 0.963613 -0.266368 102.563889 0.248740 0.252702 0.935024 0.138721 0.000000 0.000000 0.000000 1.000000
0.941630 -0.137471 -0.307302 -11.317680 0.039964 0.952016 -0.303427 102.675766 0.334269 0.273435 0.901941 -0.458090 0.000000 0.000000 0.000000 1.000000
0.911937 -0.185376 -0.366069 -10.986180 0.057377 0.940977 -0.333572 102.640854 0.406298 0.283193 0.868748 -0.909212 0.000000 0.000000 0.000000 1.000000
0.883330 -0.224272 -0.411618 -10.448477 0.068977 0.930747 -0.359099 102.337631 0.463648 0.288811 0.837627 -1.179264 0.000000 0.000000 0.000000 1.000000
0.857340 -0.255182 -0.447046 -9.784771 0.074657 0.920931 -0.382509 101.871658 0.509308 0.294565 0.808602 -1.290069 0.000000 0.000000 0.000000 1.000000
0.833820 -0.277197 -0.477396 -9.050384 0.072738 0.912417 -0.402745 101.273216 0.547224 0.301092 0.780954 -1.273107 0.000000 0.000000 0.000000 1.000000
0.813569 -0.287048 -0.505677 -8.305325 0.060540 0.906744 -0.417313 100.668205 0.578308 0.308899 0.755077 -1.129615 0.000000 0.000000 0.000000 1.000000
0.797876 -0.282484 -0.532538 -7.593898 0.037178 0.904786 -0.424240 100.108307 0.601674 0.318692 0.732410 -0.853298 0.000000 0.000000 0.000000 1.000000
0.786649 -0.266134 -0.557096 -6.948339 0.007389 0.906319 -0.422530 99.664383 0.617356 0.328266 0.714921 -0.508284 0.000000 0.000000 0.000000 1.000000
0.779884 -0.245013 -0.575976 -6.340915 -0.020911 0.909490 -0.415199 99.370728 0.625574 0.335852 0.704174 -0.255584 0.000000 0.000000 0.000000 1.000000
0.779996 -0.233852 -0.580447 -5.742288 -0.032629 0.911092 -0.410910 99.337540 0.624933 0.339448 0.703018 -0.243430 0.000000 0.000000 0.000000 1.000000
0.792172 -0.239261 -0.561443 -5.044399 -0.021566 0.908399 -0.417547 99.427010 0.609917 0.342877 0.714448 -0.471440 0.000000 0.000000 0.000000 1.000000</float_array>
        <technique_common>
          <accessor source="#mixamorig_Hips-Matrix-animation-output-transform-array" count="213" stride="16">
            <param type="float4x4"/>
          </accessor>
        </technique_common>
      </source>
      <source id="mixamorig_Hips-Interpolations">
        <Name_array id="mixamorig_Hips-Interpolations-array" count="213">
 LINEAR LINEAR LINEAR LINEAR LINEAR LINEAR LINEAR LINEAR LINEAR LINEAR LINEAR
LINEAR LINEAR LINEAR LINEAR LINEAR LINEAR LINEAR LINEAR LINEAR LINEAR LINEAR LINEAR
LINEAR LINEAR LINEAR LINEAR LINEAR LINEAR LINEAR LINEAR LINEAR LINEAR LINEAR LINEAR
LINEAR LINEAR LINEAR LINEAR LINEAR LINEAR LINEAR LINEAR LINEAR LINEAR LINEAR LINEAR
LINEAR LINEAR LINEAR LINEAR LINEAR LINEAR LINEAR LINEAR LINEAR LINEAR LINEAR LINEAR
LINEAR LINEAR LINEAR LINEAR LINEAR LINEAR LINEAR LINEAR LINEAR LINEAR LINEAR LINEAR
LINEAR LINEAR LINEAR LINEAR LINEAR LINEAR LINEAR LINEAR LINEAR LINEAR LINEAR LINEAR
LINEAR LINEAR LINEAR LINEAR LINEAR LINEAR LINEAR LINEAR LINEAR LINEAR LINEAR LINEAR
LINEAR LINEAR LINEAR LINEAR LINEAR LINEAR LINEAR LINEAR LINEAR LINEAR LINEAR LINEAR
LINEAR LINEAR LINEAR LINEAR LINEAR LINEAR LINEAR LINEAR LINEAR LINEAR LINEAR LINEAR
LINEAR LINEAR LINEAR LINEAR LINEAR LINEAR LINEAR LINEAR LINEAR LINEAR LINEAR LINEAR
LINEAR LINEAR LINEAR LINEAR LINEAR LINEAR LINEAR LINEAR LINEAR LINEAR LINEAR LINEAR
LINEAR LINEAR LINEAR LINEAR LINEAR LINEAR LINEAR LINEAR LINEAR LINEAR LINEAR LINEAR
LINEAR LINEAR LINEAR LINEAR LINEAR LINEAR LINEAR LINEAR LINEAR LINEAR LINEAR LINEAR
LINEAR LINEAR LINEAR LINEAR LINEAR LINEAR LINEAR LINEAR LINEAR LINEAR LINEAR LINEAR
LINEAR LINEAR LINEAR LINEAR LINEAR LINEAR LINEAR LINEAR LINEAR LINEAR LINEAR LINEAR
LINEAR LINEAR LINEAR LINEAR LINEAR LINEAR LINEAR LINEAR LINEAR LINEAR LINEAR LINEAR
LINEAR LINEAR LINEAR LINEAR LINEAR LINEAR LINEAR LINEAR LINEAR LINEAR</Name_array>
        <technique_common>
          <accessor source="#mixamorig_Hips-Interpolations-array" count="213">
            <param type="name"/>
          </accessor>
        </technique_common>
      </source>
      <sampler id="mixamorig_Hips-Matrix-animation-transform">
        <input semantic="INPUT" source="#mixamorig_Hips-Matrix-animation-input"/>
        <input semantic="OUTPUT" source="#mixamorig_Hips-Matrix-animation-output-transform"/>
        <input semantic="INTERPOLATION" source="#mixamorig_Hips-Interpolations"/>
      </sampler>
      <channel source="#mixamorig_Hips-Matrix-animation-transform" target="mixamorig_Hips/matrix"/>
    </animation>
    <animation id="mixamorig_Spine-anim" name="mixamorig_Spine">
      <source id="mixamorig_Spine-Matrix-animation-input">
        <float_array id="mixamorig_Spine-Matrix-animation-input-array" count="213">

0.000000 0.033333 0.066667 0.100000 0.133333 0.166667 0.200000 0.233333 0.266667 0.300000 0.333333 0.366667 0.400000 0.433333 0.466667 0.500000
0.533333 0.566667 0.600000 0.633333 0.666667 0.700000 0.733333 0.766667 0.800000 0.833333 0.866667 0.900000 0.933333 0.966667 1.000000 1.033333
1.066667 1.100000 1.133333 1.166667 1.200000 1.233333 1.266667 1.300000 1.333333 1.366667 1.400000 1.433333 1.466667 1.500000 1.533333 1.566667
1.600000 1.633333 1.666667 1.700000 1.733333 1.766667 1.800000 1.833333 1.866667 1.900000 1.933333 1.966667 2.000000 2.033333 2.066667 2.100000
2.133333 2.166667 2.200000 2.233333 2.266667 2.300000 2.333333 2.366667 2.400000 2.433333 2.466667 2.500000 2.533333 2.566667 2.600000 2.633333
2.666667 2.700000 2.733333 2.766667 2.800000 2.833333 2.866667 2.900000 2.933333 2.966667 3.000000 3.033333 3.066667 3.100000 3.133333 3.166667
3.200000 3.233333 3.266667 3.300000 3.333333 3.366667 3.400000 3.433333 3.466667 3.500000 3.533333 3.566667 3.600000 3.633333 3.666667 3.700000
3.733333 3.766667 3.800000 3.833333 3.866667 3.900000 3.933333 3.966667 4.000000 4.033333 4.066667 4.100000 4.133333 4.166667 4.200000 4.233333
4.266667 4.300000 4.333333 4.366667 4.400000 4.433333 4.466667 4.500000 4.533333 4.566667 4.600000 4.633333 4.666667 4.700000 4.733333 4.766667
4.800000 4.833333 4.866667 4.900000 4.933333 4.966667 5.000000 5.033333 5.066667 5.100000 5.133333 5.166667 5.200000 5.233333 5.266667 5.300000
5.333333 5.366667 5.400000 5.433333 5.466667 5.500000 5.533333 5.566667 5.600000 5.633333 5.666667 5.700000 5.733333 5.766667 5.800000 5.833333
5.866667 5.900000 5.933333 5.966667 6.000000 6.033333 6.066667 6.100000 6.133333 6.166667 6.200000 6.233333 6.266667 6.300000 6.333333 6.366667
6.400000 6.433333 6.466667 6.500000 6.533333 6.566667 6.600000 6.633333 6.666667 6.700000 6.733333 6.766667 6.800000 6.833333 6.866667 6.900000
6.933333 6.966667 7.000000 7.033333 7.066667</float_array>
        <technique_common>
          <accessor source="#mixamorig_Spine-Matrix-animation-input-array" count="213">
            <param name="TIME" type="float"/>
          </accessor>
        </technique_common>
      </source>
      <source id="mixamorig_Spine-Matrix-animation-output-transform">
        <float_array id="mixamorig_Spine-Matrix-animation-output-transform-array" count="3408">

