<?xml version="1.0" encoding="utf-8"?>
<COLLADA xmlns="http://www.collada.org/2005/11/COLLADASchema" version="1.4.1">
  <asset>
    <contributor>
      <author>Mixamo</author>
      <authoring_tool>COLLADA Mixamo exporter</authoring_tool>
      <comments/>
    </contributor>
    <created>2024-05-03T13:16:29Z</created>
    <modified>2024-05-03T13:16:29Z</modified>
    <revision/>
    <title/>
    <unit meter="0.010000"/>
    <up_axis>Y_UP</up_axis>
  </asset>
  <library_animations>
    <animation id="mixamorig_Hips-anim" name="mixamorig_Hips">
      <source id="mixamorig_Hips-Matrix-animation-input">
        <float_array id="mixamorig_Hips-Matrix-animation-input-array" count="410">

0.000000 0.033333 0.066667 0.100000 0.133333 0.166667 0.200000 0.233333 0.266667 0.300000 0.333333 0.366667 0.400000 0.433333 0.466667 0.500000
0.533333 0.566667 0.600000 0.633333 0.666667 0.700000 0.733333 0.766667 0.800000 0.833333 0.866667 0.900000 0.933333 0.966667 1.000000 1.033333
1.066667 1.100000 1.133333 1.166667 1.200000 1.233333 1.266667 1.300000 1.333333 1.366667 1.400000 1.433333 1.466667 1.500000 1.533333 1.566667
1.600000 1.633333 1.666667 1.700000 1.733333 1.766667 1.800000 1.833333 1.866667 1.900000 1.933333 1.966667 2.000000 2.033333 2.066667 2.100000
2.133333 2.166667 2.200000 2.233333 2.266667 2.300000 2.333333 2.366667 2.400000 2.433333 2.466667 2.500000 2.533333 2.566667 2.600000 2.633333
2.666667 2.700000 2.733333 2.766667 2.800000 2.833333 2.866667 2.900000 2.933333 2.966667 3.000000 3.033333 3.066667 3.100000 3.133333 3.166667
3.200000 3.233333 3.266667 3.300000 3.333333 3.366667 3.400000 3.433333 3.466667 3.500000 3.533333 3.566667 3.600000 3.633333 3.666667 3.700000
3.733333 3.766667 3.800000 3.833333 3.866667 3.900000 3.933333 3.966667 4.000000 4.033333 4.066667 4.100000 4.133333 4.166667 4.200000 4.233333
4.266667 4.300000 4.333333 4.366667 4.400000 4.433333 4.466667 4.500000 4.533333 4.566667 4.600000 4.633333 4.666667 4.700000 4.733333 4.766667
4.800000 4.833333 4.866667 4.900000 4.933333 4.966667 5.000000 5.033333 5.066667 5.100000 5.133333 5.166667 5.200000 5.233333 5.266667 5.300000
5.333333 5.366667 5.400000 5.433333 5.466667 5.500000 5.533333 5.566667 5.600000 5.633333 5.666667 5.700000 5.733333 5.766667 5.800000 5.833333
5.866667 5.900000 5.933333 5.966667 6.000000 6.033333 6.066667 6.100000 6.133333 6.166667 6.200000 6.233333 6.266667 6.300000 6.333333 6.366667
6.400000 6.433333 6.466667 6.500000 6.533333 6.566667 6.600000 6.633333 6.666667 6.700000 6.733333 6.766667 6.800000 6.833333 6.866667 6.900000
6.933333 6.966667 7.000000 7.033333 7.066667 7.100000 7.133333 7.166667 7.200000 7.233333 7.266667 7.300000 7.333333 7.366667 7.400000 7.433333
7.466667 7.500000 7.533333 7.566667 7.600000 7.633333 7.666667 7.700000 7.733333 7.766667 7.800000 7.833333 7.866667 7.900000 7.933333 7.966667
8.000000 8.033333 8.066667 8.100000 8.133333 8.166667 8.200000 8.233333 8.266667 8.300000 8.333333 8.366667 8.400000 8.433333 8.466667 8.500000
8.533333 8.566667 8.600000 8.633333 8.666667 8.700000 8.733333 8.766667 8.800000 8.833333 8.866667 8.900000 8.933333 8.966667 9.000000 9.033333
9.066667 9.100000 9.133333 9.166667 9.200000 9.233333 9.266667 9.300000 9.333333 9.366667 9.400000 9.433333 9.466667 9.500000 9.533333 9.566667
9.600000 9.633333 9.666667 9.700000 9.733333 9.766667 9.800000 9.833333 9.866667 9.900000 9.933333 9.966667 10.000000 10.033333 10.066667 10.100000
10.133333 10.166667 10.200000 10.233333 10.266667 10.300000 10.333333 10.366667 10.400000 10.433333 10.466667 10.500000 10.533333 10.566667 10.600000 10.633333
10.666667 10.700000 10.733333 10.766667 10.800000 10.833333 10.866667 10.900000 10.933333 10.966667 11.000000 11.033333 11.066667 11.100000 11.133333 11.166667
11.200000 11.233333 11.266667 11.300000 11.333333 11.366667 11.400000 11.433333 11.466667 11.500000 11.533333 11.566667 11.600000 11.633333 11.666667 11.700000
11.733333 11.766667 11.800000 11.833333 11.866667 11.900000 11.933333 11.966667 12.000000 12.033333 12.066667 12.100000 12.133333 12.166667 12.200000 12.233333
12.266667 12.300000 12.333333 12.366667 12.400000 12.433333 12.466667 12.500000 12.533333 12.566667 12.600000 12.633333 12.666667 12.700000 12.733333 12.766667
12.800000 12.833333 12.866667 12.900000 12.933333 12.966667 13.000000 13.033333 13.066667 13.100000 13.133333 13.166667 13.200000 13.233333 13.266667 13.300000
13.333333 13.366667 13.400000 13.433333 13.466667 13.500000 13.533333 13.566667 13.600000 13.633333</float_array>
        <technique_common>
          <accessor source="#mixamorig_Hips-Matrix-animation-input-array" count="410">
            <param name="TIME" type="float"/>
          </accessor>
        </technique_common>
      </source>
      <source id="mixamorig_Hips-Matrix-animation-output-transform">
        <float_array id="mixamorig_Hips-Matrix-animation-output-transform-array" count="6560">

0.846348 -0.136330 -0.514887 -0.882423 0.207777 0.974608 0.083480 90.322823 0.490432 -0.177635 0.853184 1.734463 0.000000 0.000000 0.000000 1.000000
0.841499 -0.125667 -0.525439 -2.927945 0.213229 0.970870 0.109291 89.458733 0.496399 -0.204008 0.843782 2.186012 0.000000 0.000000 0.000000 1.000000
0.836700 -0.113362 -0.535801 -5.042442 0.217035 0.966874 0.134353 88.660316 0.502821 -0.228701 0.833587 2.660720 0.000000 0.000000 0.000000 1.000000
0.831725 -0.099988 -0.546109 -7.263613 0.218965 0.962991 0.157169 87.926208 0.510184 -0.250300 0.822838 3.202143 0.000000 0.000000 0.000000 1.000000
0.826039 -0.085598 -0.557075 -9.615173 0.218496 0.959740 0.176519 87.203705 0.519537 -0.267530 0.811485 3.904727 0.000000 0.000000 0.000000 1.000000
0.818829 -0.070717 -0.569664 -12.150370 0.214761 0.958054 0.189764 86.436256 0.532350 -0.277726 0.799670 4.875082 0.000000 0.000000 0.000000 1.000000
0.809469 -0.058936 -0.584198 -15.087157 0.205888 0.960267 0.188406 85.643456 0.549882 -0.272788 0.789441 6.111106 0.000000 0.000000 0.000000 1.000000
0.798401 -0.059242 -0.599204 -18.909069 0.190150 0.969030 0.157557 84.821854 0.571313 -0.239732 0.784940 7.435594 0.000000 0.000000 0.000000 1.000000
0.789009 -0.078576 -0.609336 -23.893766 0.165574 0.982288 0.087727 83.954475 0.591650 -0.170108 0.788044 8.604488 0.000000 0.000000 0.000000 1.000000
0.787849 -0.108215 -0.606287 -29.676792 0.131969 0.991239 -0.005436 83.096405 0.601563 -0.075729 0.795228 9.490409 0.000000 0.000000 0.000000 1.000000
0.799496 -0.123522 -0.587834 -35.588524 0.094498 0.992306 -0.079990 82.387650 0.593192 0.008403 0.805017 10.084319 0.000000 0.000000 0.000000 1.000000
0.821041 -0.108154 -0.560531 -41.180824 0.061780 0.992956 -0.101098 81.961517 0.567517 0.048376 0.821940 10.379782 0.000000 0.000000 0.000000 1.000000
0.844445 -0.072545 -0.530707 -46.248966 0.041814 0.996691 -0.069708 81.920685 0.534008 0.036674 0.844684 10.347517 0.000000 0.000000 0.000000 1.000000
0.863156 -0.038163 -0.503493 -50.658436 0.038228 0.999217 -0.010202 82.362175 0.503488 -0.010441 0.863939 10.000443 0.000000 0.000000 0.000000 1.000000
0.875152 -0.011829 -0.483704 -54.172379 0.046753 0.997090 0.060206 83.291046 0.481584 -0.075304 0.873159 9.361362 0.000000 0.000000 0.000000 1.000000
0.884744 0.015450 -0.465821 -56.668598 0.054913 0.989034 0.137102 84.661324 0.462831 -0.146879 0.874194 8.413295 0.000000 0.000000 0.000000 1.000000
0.897945 0.046225 -0.437674 -58.280025 0.051351 0.976673 0.208504 86.442032 0.437103 -0.209700 0.874624 7.153048 0.000000 0.000000 0.000000 1.000000
0.915354 0.068982 -0.396698 -59.314938 0.035176 0.967749 0.249447 88.607178 0.401111 -0.242286 0.883407 5.764100 0.000000 0.000000 0.000000 1.000000
0.933002 0.073993 -0.352182 -60.067448 0.015406 0.969525 0.244508 91.142082 0.359541 -0.233552 0.903429 4.619806 0.000000 0.000000 0.000000 1.000000
0.947888 0.064845 -0.311935 -60.715195 0.000441 0.978801 0.204813 93.972359 0.318603 -0.194277 0.927765 4.016117 0.000000 0.000000 0.000000 1.000000
0.959515 0.053272 -0.276575 -61.236530 -0.009895 0.987720 0.155919 96.860641 0.281485 -0.146869 0.948259 3.947605 0.000000 0.000000 0.000000 1.000000
0.968288 0.048939 -0.244998 -61.582062 -0.021842 0.993455 0.112121 99.422073 0.248882 -0.103214 0.963019 4.176824 0.000000 0.000000 0.000000 1.000000
0.974240 0.051617 -0.219528 -61.747314 -0.037445 0.996966 0.068237 101.372406 0.222384 -0.058259 0.973217 4.483279 0.000000 0.000000 0.000000 1.000000
0.978072 0.052488 -0.201547 -61.793419 -0.050743 0.998616 0.013822 102.621735 0.201993 -0.003292 0.979381 4.835085 0.000000 0.000000 0.000000 1.000000
0.981871 0.043443 -0.184503 -61.835907 -0.053852 0.997205 -0.051783 103.177147 0.181738 0.060780 0.981467 5.303984 0.000000 0.000000 0.000000 1.000000
0.987274 0.026365 -0.156826 -62.016342 -0.045133 0.992065 -0.117346 103.059952 0.152488 0.122931 0.980630 5.836608 0.000000 0.000000 0.000000 1.000000
0.993358 0.013636 -0.114252 -62.368961 -0.032647 0.985547 -0.166228 102.318924 0.110334 0.168854 0.979446 6.145835 0.000000 0.000000 0.000000 1.000000
0.997522 0.017168 -0.068223 -62.681911 -0.029426 0.982680 -0.182960 101.078735 0.063901 0.184514 0.980750 5.855213 0.000000 0.000000 0.000000 1.000000
0.998575 0.035358 -0.039965 -62.621674 -0.041255 0.986585 -0.157953 99.543533 0.033844 0.159376 0.986638 4.784051 0.000000 0.000000 0.000000 1.000000
0.997540 0.054168 -0.044503 -62.042339 -0.058121 0.993973 -0.092946 97.955269 0.039200 0.095304 0.994676 3.128320 0.000000 0.000000 0.000000 1.000000
0.995406 0.057424 -0.076606 -61.170925 -0.058046 0.998296 -0.005911 96.444756 0.076136 0.010330 0.997044 1.342554 0.000000 0.000000 0.000000 1.000000
0.993077 0.038781 -0.110879 -60.346310 -0.030683 0.996798 0.073834 95.069977 0.113387 -0.069921 0.991087 -0.124376 0.000000 0.000000 0.000000 1.000000
0.992975 0.006993 -0.118120 -59.675629 0.007663 0.992355 0.123175 93.787445 0.118079 -0.123214 0.985330 -1.031115 0.000000 0.000000 0.000000 1.000000
0.996319 -0.015938 -0.084228 -58.988255 0.027615 0.989859 0.139343 92.476364 0.081153 -0.141156 0.986656 -1.369629 0.000000 0.000000 0.000000 1.000000
0.999744 -0.012944 -0.018560 -58.097515 0.015353 0.990566 0.136174 91.113258 0.016622 -0.136424 0.990511 -1.293689 0.000000 0.000000 0.000000 1.000000
0.998495 0.010003 0.053927 -56.980309 -0.016911 0.991472 0.129217 89.823860 -0.052174 -0.129934 0.990149 -1.022252 0.000000 0.000000 0.000000 1.000000
0.992928 0.033873 0.113787 -55.636425 -0.048290 0.990797 0.126448 88.753586 -0.108456 -0.131049 0.985426 -0.712674 0.000000 0.000000 0.000000 1.000000
0.986024 0.047780 0.159607 -53.932850 -0.068831 0.989242 0.129082 87.988411 -0.151722 -0.138264 0.978705 -0.348210 0.000000 0.000000 0.000000 1.000000
0.977926 0.055970 0.201316 -51.635727 -0.083818 0.987622 0.132580 87.546608 -0.191404 -0.146527 0.970512 0.198490 0.000000 0.000000 0.000000 1.000000
0.966106 0.072549 0.247742 -48.553497 -0.105860 0.986633 0.123890 87.323074 -0.235442 -0.145917 0.960872 1.009087 0.000000 0.000000 0.000000 1.000000
0.947302 0.110552 0.300662 -44.562290 -0.141900 0.986273 0.084441 87.091980 -0.287199 -0.122655 0.949985 2.017820 0.000000 0.000000 0.000000 1.000000
0.919482 0.169325 0.354799 -39.611782 -0.182808 0.983138 0.004562 86.604706 -0.348044 -0.069055 0.934931 3.071981 0.000000 0.000000 0.000000 1.000000
0.886956 0.228761 0.401220 -33.868805 -0.205335 0.973455 -0.101105 85.790092 -0.413699 0.007291 0.910385 4.016507 0.000000 0.000000 0.000000 1.000000
0.861695 0.261403 0.434913 -27.834520 -0.192376 0.961407 -0.196695 84.814728 -0.469545 0.085824 0.878727 4.717714 0.000000 0.000000 0.000000 1.000000
0.850932 0.256098 0.458615 -22.196745 -0.152765 0.956012 -0.250407 83.835823 -0.502570 0.143019 0.852625 5.105170 0.000000 0.000000 0.000000 1.000000
0.851129 0.225724 0.473949 -17.173264 -0.112111 0.960164 -0.255960 82.964165 -0.512845 0.164720 0.842530 5.232849 0.000000 0.000000 0.000000 1.000000
0.857486 0.189131 0.478484 -12.682166 -0.085279 0.969367 -0.230336 82.290848 -0.507391 0.156705 0.847348 5.166868 0.000000 0.000000 0.000000 1.000000
0.869117 0.152500 0.470510 -8.671956 -0.068641 0.979265 -0.190602 81.891739 -0.489821 0.133358 0.861563 4.937199 0.000000 0.000000 0.000000 1.000000
0.885956 0.108246 0.450961 -5.309969 -0.053470 0.989737 -0.132523 81.911369 -0.460677 0.093296 0.882651 4.573969 0.000000 0.000000 0.000000 1.000000
0.906685 0.051082 0.418703 -2.729756 -0.038754 0.998530 -0.037902 82.544731 -0.420023 0.018139 0.907332 4.080173 0.000000 0.000000 0.000000 1.000000
0.930165 -0.012827 0.366917 -1.016318 -0.022886 0.995420 0.092819 83.822639 -0.366428 -0.094734 0.925611 3.430922 0.000000 0.000000 0.000000 1.000000
0.953536 -0.065290 0.294119 -0.184368 -0.002041 0.974814 0.223009 85.481003 -0.301272 -0.213247 0.929387 2.572546 0.000000 0.000000 0.000000 1.000000
0.972558 -0.089282 0.214847 0.073449 0.019657 0.951670 0.306492 87.171104 -0.231828 -0.293858 0.927310 1.597301 0.000000 0.000000 0.000000 1.000000
0.985201 -0.080974 0.151068 0.227531 0.027650 0.944911 0.326157 88.789314 -0.169156 -0.317153 0.933167 0.802114 0.000000 0.000000 0.000000 1.000000
0.992289 -0.048440 0.114087 0.575390 0.012003 0.953697 0.300529 90.548401 -0.123362 -0.296842 0.946925 0.434125 0.000000 0.000000 0.000000 1.000000
0.995385 -0.009991 0.095445 1.088760 -0.015470 0.964854 0.262331 92.693962 -0.094712 -0.262596 0.960246 0.501052 0.000000 0.000000 0.000000 1.000000
0.996727 0.014985 0.079439 1.578946 -0.032952 0.972638 0.229978 95.116623 -0.073819 -0.231843 0.969948 0.867100 0.000000 0.000000 0.000000 1.000000
0.997674 0.021463 0.064693 1.897243 -0.033679 0.980401 0.194112 97.425804 -0.059258 -0.195839 0.978844 1.417366 0.000000 0.000000 0.000000 1.000000
0.997491 0.020446 0.067780 2.046312 -0.029233 0.990911 0.131305 99.281319 -0.064479 -0.132957 0.989022 2.092738 0.000000 0.000000 0.000000 1.000000
0.994177 0.025873 0.104603 2.169241 -0.029187 0.999115 0.030278 100.483025 -0.103727 -0.033155 0.994053 2.808414 0.000000 0.000000 0.000000 1.000000
0.984329 0.041426 0.171407 2.273147 -0.025740 0.995357 -0.092743 100.868019 -0.174454 0.086878 0.980825 3.390326 0.000000 0.000000 0.000000 1.000000
0.967433 0.060954 0.245680 2.217180 -0.010387 0.979316 -0.202070 100.417625 -0.252916 0.192937 0.948055 3.629501 0.000000 0.000000 0.000000 1.000000
0.950274 0.074991 0.302251 1.979369 0.008464 0.963995 -0.265784 99.450775 -0.311300 0.255126 0.915425 3.419313 0.000000 0.000000 0.000000 1.000000
0.942002 0.079014 0.326173 1.649027 0.012816 0.962711 -0.270227 98.476578 -0.335362 0.258735 0.905863 2.760731 0.000000 0.000000 0.000000 1.000000
0.947117 0.077508 0.311388 1.276758 -0.007774 0.975648 -0.219204 97.808701 -0.320796 0.205191 0.924655 1.675669 0.000000 0.000000 0.000000 1.000000
0.963693 0.074205 0.256494 0.867457 -0.041577 0.990593 -0.130371 97.450356 -0.263755 0.114974 0.957713 0.202838 0.000000 0.000000 0.000000 1.000000
0.984429 0.064386 0.163565 0.501827 -0.060025 0.997701 -0.031473 97.182343 -0.165215 0.021165 0.986030 -1.452872 0.000000 0.000000 0.000000 1.000000
0.998284 0.042368 0.040416 0.269789 -0.044386 0.997742 0.050409 96.755234 -0.038189 -0.052116 0.997911 -2.882135 0.000000 0.000000 0.000000 1.000000
0.995336 0.014090 -0.095433 0.263601 -0.004295 0.994767 0.102075 96.025993 0.096372 -0.101189 0.990189 -3.669499 0.000000 0.000000 0.000000 1.000000
0.975223 -0.004536 -0.221177 0.458986 0.033554 0.991256 0.127619 94.942276 0.218664 -0.131878 0.966847 -3.691351 0.000000 0.000000 0.000000 1.000000
0.945984 -0.006008 -0.324157 0.639954 0.054311 0.988637 0.140171 93.641769 0.319631 -0.150205 0.935561 -3.234283 0.000000 0.000000 0.000000 1.000000
0.912485 0.001459 -0.409108 0.594796 0.065985 0.986376 0.150692 92.435249 0.403754 -0.164499 0.899957 -2.659481 0.000000 0.000000 0.000000 1.000000
0.874038 0.004977 -0.485832 0.202971 0.085062 0.982936 0.163100 91.574432 0.478353 -0.183881 0.858700 -2.101869 0.000000 0.000000 0.000000 1.000000
0.832472 0.000665 -0.554067 -0.646276 0.116660 0.977372 0.176452 91.012230 0.541647 -0.211529 0.813557 -1.466306 0.000000 0.000000 0.000000 1.000000
0.796436 -0.007926 -0.604671 -2.117284 0.150778 0.970937 0.185868 90.472336 0.585624 -0.239203 0.774484 -0.658673 0.000000 0.000000 0.000000 1.000000
0.773330 -0.022149 -0.633617 -4.380233 0.175076 0.967990 0.179843 89.675766 0.609351 -0.250009 0.752454 0.251764 0.000000 0.000000 0.000000 1.000000
0.759139 -0.046576 -0.649260 -7.404941 0.183162 0.972420 0.144401 88.469604 0.624628 -0.228540 0.746732 1.103751 0.000000 0.000000 0.000000 1.000000
0.741868 -0.078683 -0.665914 -11.012458 0.174329 0.981575 0.078232 86.864357 0.647489 -0.174126 0.741916 1.643970 0.000000 0.000000 0.000000 1.000000
0.713462 -0.108492 -0.692244 -14.788990 0.153188 0.988193 0.003009 85.053284 0.683744 -0.108190 0.721657 1.748383 0.000000 0.000000 0.000000 1.000000
0.677945 -0.126249 -0.724190 -18.296595 0.133548 0.989901 -0.047552 83.353195 0.722880 -0.064476 0.687959 1.453426 0.000000 0.000000 0.000000 1.000000
0.654346 -0.122769 -0.746163 -21.241058 0.131353 0.990186 -0.047729 82.035797 0.744700 -0.066780 0.664050 0.964322 0.000000 0.000000 0.000000 1.000000
0.669961 -0.090751 -0.736829 -23.541729 0.147793 0.988938 0.012578 81.146965 0.727537 -0.117325 0.675962 0.400888 0.000000 0.000000 0.000000 1.000000
0.738191 -0.033789 -0.673745 -25.190882 0.158603 0.979442 0.124655 80.643440 0.655682 -0.198877 0.728374 -0.391233 0.000000 0.000000 0.000000 1.000000
0.836710 0.028740 -0.546892 -26.361702 0.132227 0.958475 0.252668 80.344109 0.531444 -0.283724 0.798165 -1.711761 0.000000 0.000000 0.000000 1.000000
0.923360 0.077885 -0.375952 -27.317587 0.060998 0.937010 0.343935 80.070312 0.379058 -0.340508 0.860447 -3.468503 0.000000 0.000000 0.000000 1.000000
0.974456 0.113336 -0.193884 -28.278286 -0.035580 0.930327 0.365001 79.791183 0.221743 -0.348779 0.910595 -5.060664 0.000000 0.000000 0.000000 1.000000
0.989106 0.145510 -0.022274 -29.211245 -0.130547 0.936995 0.324032 79.702347 0.068021 -0.317595 0.945784 -5.776505 0.000000 0.000000 0.000000 1.000000
0.977273 0.173516 0.121777 -29.866568 -0.200050 0.944925 0.259029 79.954971 -0.070125 -0.277504 0.958162 -5.436124 0.000000 0.000000 0.000000 1.000000
0.955192 0.190349 0.226660 -30.016232 -0.237540 0.949853 0.203356 80.416702 -0.176585 -0.248085 0.952508 -4.520500 0.000000 0.000000 0.000000 1.000000
0.933243 0.201813 0.297202 -29.630396 -0.256941 0.953160 0.159582 80.825302 -0.251075 -0.225292 0.941384 -3.651236 0.000000 0.000000 0.000000 1.000000
0.909261 0.224495 0.350496 -28.794352 -0.277363 0.954668 0.108068 81.014091 -0.310346 -0.195477 0.930308 -3.111601 0.000000 0.000000 0.000000 1.000000
0.876435 0.266588 0.400989 -27.556189 -0.305792 0.951424 0.035834 80.947685 -0.371957 -0.154025 0.915382 -2.827479 0.000000 0.000000 0.000000 1.000000
0.834535 0.317113 0.450544 -25.910528 -0.332614 0.941898 -0.046855 80.686974 -0.439225 -0.110756 0.891524 -2.628059 0.000000 0.000000 0.000000 1.000000
0.794592 0.355699 0.492038 -23.906498 -0.344054 0.931531 -0.117799 80.344910 -0.500249 -0.075686 0.862567 -2.441887 0.000000 0.000000 0.000000 1.000000
0.769675 0.371830 0.518983 -21.691256 -0.335231 0.927193 -0.167134 79.957466 -0.543343 -0.045340 0.838286 -2.334096 0.000000 0.000000 0.000000 1.000000
0.762351 0.370423 0.530667 -19.472534 -0.308344 0.928836 -0.205395 79.448845 -0.568986 -0.007045 0.822317 -2.391900 0.000000 0.000000 0.000000 1.000000
0.766253 0.359460 0.532583 -17.388681 -0.266018 0.931974 -0.246291 78.763260 -0.584885 0.047044 0.809751 -2.634437 0.000000 0.000000 0.000000 1.000000
0.775933 0.337953 0.532650 -15.403934 -0.212766 0.935113 -0.283361 78.047195 -0.593851 0.106540 0.797490 -3.025616 0.000000 0.000000 0.000000 1.000000
0.792215 0.294988 0.534208 -13.406954 -0.158533 0.944832 -0.286635 77.597412 -0.589290 0.142387 0.795275 -3.552167 0.000000 0.000000 0.000000 1.000000
0.820905 0.217039 0.528213 -11.498859 -0.111469 0.968069 -0.224537 77.686096 -0.560080 0.125444 0.818886 -4.309042 0.000000 0.000000 0.000000 1.000000
0.865710 0.106708 0.489039 -10.089678 -0.069586 0.993182 -0.093529 78.399628 -0.495685 0.046939 0.867233 -5.435278 0.000000 0.000000 0.000000 1.000000
0.918632 -0.001539 0.395112 -9.542663 -0.026315 0.997534 0.065070 79.568344 -0.394238 -0.070172 0.916325 -6.914636 0.000000 0.000000 0.000000 1.000000
0.963188 -0.066603 0.260448 -9.701409 0.017445 0.982267 0.186674 80.769737 -0.268263 -0.175259 0.947269 -8.450188 0.000000 0.000000 0.000000 1.000000
0.989280 -0.083669 0.119683 -10.021675 0.054031 0.971142 0.232302 81.605316 -0.135666 -0.223345 0.965252 -9.603522 0.000000 0.000000 0.000000 1.000000
0.996836 -0.079069 -0.008142 -10.136091 0.079013 0.974513 0.209957 82.008163 -0.008667 -0.209936 0.977677 -10.095363 0.000000 0.000000 0.000000 1.000000
0.989467 -0.076891 -0.122647 -10.121596 0.096100 0.982540 0.159309 82.219421 0.108256 -0.169417 0.979581 -9.965466 0.000000 0.000000 0.000000 1.000000
0.969540 -0.083771 -0.230163 -10.299937 0.113919 0.986098 0.120970 82.500771 0.216829 -0.143505 0.965604 -9.430055 0.000000 0.000000 0.000000 1.000000
0.938171 -0.092258 -0.333652 -10.911880 0.136081 0.984527 0.110405 82.923477 0.318304 -0.148982 0.936209 -8.677620 0.000000 0.000000 0.000000 1.000000
0.899028 -0.092475 -0.428014 -11.966654 0.156661 0.980676 0.117180 83.370872 0.408907 -0.172402 0.896143 -7.821887 0.000000 0.000000 0.000000 1.000000
0.858751 -0.084206 -0.505426 -13.326572 0.168884 0.977800 0.124040 83.686745 0.483761 -0.191878 0.853908 -6.930540 0.000000 0.000000 0.000000 1.000000
0.823125 -0.076598 -0.562670 -14.881159 0.173663 0.977343 0.121000 83.808098 0.540653 -0.197313 0.817779 -6.032860 0.000000 0.000000 0.000000 1.000000
0.794008 -0.079551 -0.602680 -16.582947 0.176502 0.978862 0.103330 83.775391 0.581721 -0.188419 0.791264 -5.139180 0.000000 0.000000 0.000000 1.000000
0.769317 -0.098038 -0.631300 -18.387241 0.178573 0.981767 0.065149 83.644394 0.613403 -0.162853 0.772797 -4.276251 0.000000 0.000000 0.000000 1.000000
0.747743 -0.130188 -0.651100 -20.240522 0.174205 0.984704 0.003170 83.435928 0.640728 -0.115795 0.758985 -3.492578 0.000000 0.000000 0.000000 1.000000
0.735592 -0.165771 -0.656830 -22.081293 0.157817 0.984853 -0.071816 83.176567 0.658786 -0.050832 0.750611 -2.843330 0.000000 0.000000 0.000000 1.000000
0.746151 -0.184654 -0.639657 -23.839779 0.130633 0.982698 -0.131301 82.864326 0.652835 0.014410 0.757363 -2.422450 0.000000 0.000000 0.000000 1.000000
0.786441 -0.163835 -0.595540 -25.428280 0.097657 0.985034 -0.142025 82.469460 0.609896 0.053536 0.790671 -2.346084 0.000000 0.000000 0.000000 1.000000
0.845668 -0.096613 -0.524891 -26.777542 0.060311 0.994479 -0.085878 82.066566 0.530290 0.040967 0.846826 -2.650479 0.000000 0.000000 0.000000 1.000000
0.902660 -0.004742 -0.430329 -27.876385 0.017762 0.999498 0.026242 81.934891 0.429988 -0.031331 0.902291 -3.226272 0.000000 0.000000 0.000000 1.000000
0.944864 0.075223 -0.318705 -28.752644 -0.026495 0.987628 0.154559 82.316422 0.326388 -0.137593 0.935168 -3.874724 0.000000 0.000000 0.000000 1.000000
0.972887 0.120541 -0.197386 -29.392363 -0.068466 0.965294 0.252030 83.187981 0.220916 -0.231682 0.947375 -4.368885 0.000000 0.000000 0.000000 1.000000
0.988046 0.136998 -0.070692 -29.759531 -0.110656 0.949526 0.293523 84.282967 0.107336 -0.282192 0.953335 -4.521398 0.000000 0.000000 0.000000 1.000000
0.987648 0.148414 0.050243 -29.884298 -0.156602 0.945610 0.285127 85.339951 -0.005194 -0.289474 0.957172 -4.295827 0.000000 0.000000 0.000000 1.000000
0.975428 0.168797 0.141589 -29.844164 -0.200361 0.946903 0.251454 86.245743 -0.091626 -0.273645 0.957457 -3.839848 0.000000 0.000000 0.000000 1.000000
0.963749 0.190310 0.187004 -29.596798 -0.229264 0.949193 0.215569 87.002182 -0.136478 -0.250628 0.958415 -3.394082 0.000000 0.000000 0.000000 1.000000
0.959191 0.200260 0.199622 -28.970379 -0.237858 0.953193 0.186672 87.684860 -0.152895 -0.226535 0.961928 -3.094274 0.000000 0.000000 0.000000 1.000000
0.956909 0.198666 0.211794 -27.790947 -0.234919 0.958344 0.162450 88.389740 -0.170698 -0.205204 0.963718 -2.917069 0.000000 0.000000 0.000000 1.000000
0.949694 0.196274 0.244045 -26.064062 -0.234083 0.962544 0.136801 89.151398 -0.208053 -0.187046 0.960067 -2.769780 0.000000 0.000000 0.000000 1.000000
0.935739 0.200530 0.290138 -23.942619 -0.238654 0.965708 0.102242 89.884323 -0.259686 -0.164914 0.951508 -2.618654 0.000000 0.000000 0.000000 1.000000
0.919425 0.209629 0.332737 -21.518677 -0.239002 0.969759 0.049455 90.427818 -0.312307 -0.124995 0.941722 -2.492325 0.000000 0.000000 0.000000 1.000000
0.905718 0.217983 0.363535 -18.732113 -0.223584 0.974306 -0.027172 90.628143 -0.360118 -0.056670 0.931184 -2.405631 0.000000 0.000000 0.000000 1.000000
0.896967 0.219957 0.383495 -15.555180 -0.188239 0.974901 -0.118884 90.381073 -0.400019 0.034446 0.915859 -2.371984 0.000000 0.000000 0.000000 1.000000
0.895420 0.208210 0.393537 -12.218999 -0.137902 0.970144 -0.199507 89.719231 -0.423327 0.124373 0.897399 -2.481693 0.000000 0.000000 0.000000 1.000000
0.902800 0.172420 0.393985 -9.228354 -0.081617 0.968155 -0.236674 88.863655 -0.422246 0.181513 0.888122 -2.870856 0.000000 0.000000 0.000000 1.000000
0.915042 0.107808 0.388683 -7.059618 -0.026916 0.977792 -0.207841 88.096771 -0.402459 0.179722 0.897623 -3.593408 0.000000 0.000000 0.000000 1.000000
0.923605 0.024919 0.382534 -5.831421 0.020061 0.993376 -0.113148 87.731102 -0.382819 0.112178 0.916987 -4.505050 0.000000 0.000000 0.000000 1.000000
0.924927 -0.053927 0.376299 -5.252187 0.051702 0.998534 0.016016 87.879402 -0.376611 0.004642 0.926360 -5.432183 0.000000 0.000000 0.000000 1.000000
0.924731 -0.106528 0.365409 -5.032491 0.063565 0.989775 0.127688 88.310158 -0.375275 -0.094850 0.922048 -6.323717 0.000000 0.000000 0.000000 1.000000
0.932281 -0.120787 0.340974 -4.989003 0.060047 0.981202 0.183405 88.575119 -0.356717 -0.150511 0.922008 -7.213501 0.000000 0.000000 0.000000 1.000000
0.949986 -0.103504 0.294641 -4.930254 0.050912 0.982187 0.180880 88.452843 -0.308115 -0.156833 0.938333 -8.060855 0.000000 0.000000 0.000000 1.000000
0.970780 -0.077754 0.227023 -4.747353 0.045057 0.988286 0.145812 88.042351 -0.235701 -0.131322 0.962912 -8.730609 0.000000 0.000000 0.000000 1.000000
0.986647 -0.062383 0.150454 -4.469212 0.046181 0.992982 0.108872 87.512726 -0.156190 -0.100470 0.982604 -9.113105 0.000000 0.000000 0.000000 1.000000
0.995260 -0.056634 0.079055 -4.217496 0.049649 0.994910 0.087692 86.942490 -0.083619 -0.083351 0.993006 -9.205870 0.000000 0.000000 0.000000 1.000000
0.998548 -0.050370 0.019116 -4.094273 0.048609 0.995323 0.083485 86.311546 -0.023232 -0.082435 0.996326 -9.102912 0.000000 0.000000 0.000000 1.000000
0.998704 -0.040999 -0.030166 -4.121608 0.043524 0.995131 0.088430 85.579048 0.026393 -0.089629 0.995625 -8.896464 0.000000 0.000000 0.000000 1.000000
0.996572 -0.037156 -0.073918 -4.292634 0.044123 0.994502 0.094968 84.761566 0.069983 -0.097904 0.992732 -8.587876 0.000000 0.000000 0.000000 1.000000
0.991561 -0.048603 -0.120188 -4.691884 0.060862 0.993071 0.100531 83.997955 0.114469 -0.106997 0.987648 -8.088846 0.000000 0.000000 0.000000 1.000000
0.981884 -0.073914 -0.174471 -5.509927 0.093199 0.990090 0.105053 83.409615 0.164977 -0.119410 0.979042 -7.297259 0.000000 0.000000 0.000000 1.000000
0.966861 -0.103756 -0.233271 -6.994050 0.131361 0.985645 0.106062 82.939056 0.218918 -0.133190 0.966610 -6.168055 0.000000 0.000000 0.000000 1.000000
0.949006 -0.131281 -0.286623 -9.340980 0.165724 0.981159 0.099310 82.470528 0.268185 -0.141746 0.952882 -4.724236 0.000000 0.000000 0.000000 1.000000
0.931890 -0.153052 -0.328870 -12.630196 0.190094 0.978217 0.083403 82.047241 0.308942 -0.140238 0.940685 -3.011065 0.000000 0.000000 0.000000 1.000000
0.916733 -0.163610 -0.364460 -16.890970 0.198532 0.978242 0.060226 81.879745 0.346677 -0.127568 0.929269 -1.069482 0.000000 0.000000 0.000000 1.000000
0.902491 -0.156957 -0.401091 -22.063242 0.185125 0.982188 0.032193 82.124283 0.388894 -0.103306 0.915472 0.981627 0.000000 0.000000 0.000000 1.000000
0.888746 -0.135249 -0.437993 -27.908379 0.152338 0.988321 0.003927 82.708733 0.432347 -0.070213 0.898970 2.898080 0.000000 0.000000 0.000000 1.000000
0.880071 -0.107801 -0.462443 -33.918655 0.113844 0.993387 -0.014914 83.488968 0.460993 -0.039521 0.886523 4.404631 0.000000 0.000000 0.000000 1.000000
0.884266 -0.082160 -0.459699 -39.510803 0.083971 0.996331 -0.016545 84.401329 0.459371 -0.023971 0.887921 5.375290 0.000000 0.000000 0.000000 1.000000
0.901809 -0.063567 -0.427433 -44.313534 0.067441 0.997705 -0.006087 85.430984 0.426839 -0.023337 0.904026 5.890125 0.000000 0.000000 0.000000 1.000000
0.922807 -0.054750 -0.381351 -48.262070 0.060251 0.998180 0.002491 86.624275 0.380521 -0.025275 0.924427 6.160369 0.000000 0.000000 0.000000 1.000000
0.937296 -0.054895 -0.344185 -51.440315 0.060400 0.998160 0.005284 88.007286 0.343262 -0.025741 0.938887 6.308963 0.000000 0.000000 0.000000 1.000000
0.944561 -0.059126 -0.322967 -53.927250 0.068142 0.997536 0.016668 89.696358 0.321186 -0.037751 0.946263 6.321510 0.000000 0.000000 0.000000 1.000000
0.950971 -0.059754 -0.303453 -55.613312 0.079166 0.995501 0.052066 91.823349 0.298976 -0.073537 0.951423 6.120646 0.000000 0.000000 0.000000 1.000000
0.961879 -0.053685 -0.268153 -56.473804 0.084504 0.990903 0.104740 94.463272 0.260091 -0.123407 0.957666 5.714616 0.000000 0.000000 0.000000 1.000000
0.975195 -0.045675 -0.216583 -56.731682 0.078443 0.986287 0.145205 97.438431 0.206980 -0.158593 0.965405 5.193657 0.000000 0.000000 0.000000 1.000000
0.985534 -0.038646 -0.165014 -56.792042 0.063003 0.987419 0.145032 100.335167 0.157333 -0.153330 0.975570 4.705316 0.000000 0.000000 0.000000 1.000000
0.990996 -0.032958 -0.129773 -56.991608 0.046054 0.993998 0.099237 102.785095 0.125723 -0.104320 0.986565 4.432551 0.000000 0.000000 0.000000 1.000000
0.993058 -0.030060 -0.113723 -57.385941 0.033420 0.999056 0.027747 104.599449 0.112781 -0.031355 0.993125 4.532989 0.000000 0.000000 0.000000 1.000000
0.993905 -0.029937 -0.106099 -57.874527 0.025558 0.998774 -0.042392 105.684547 0.107238 0.039421 0.993452 5.051813 0.000000 0.000000 0.000000 1.000000
0.995432 -0.026327 -0.091775 -58.386562 0.017375 0.995132 -0.097008 105.972206 0.093882 0.094970 0.991043 5.849536 0.000000 0.000000 0.000000 1.000000
0.998011 -0.012261 -0.061832 -58.904247 0.003593 0.990370 -0.138398 105.521614 0.062934 0.137900 0.988445 6.645690 0.000000 0.000000 0.000000 1.000000
0.999758 0.013282 -0.017510 -59.347961 -0.016108 0.984845 -0.172686 104.596909 0.014951 0.172926 0.984821 7.168219 0.000000 0.000000 0.000000 1.000000
0.998583 0.041350 0.033495 -59.547485 -0.033943 0.979711 -0.197519 103.604744 -0.040983 0.196103 0.979727 7.248825 0.000000 0.000000 0.000000 1.000000
0.994859 0.057669 0.083251 -59.364319 -0.039768 0.978461 -0.202565 102.851326 -0.093140 0.198213 0.975724 6.808666 0.000000 0.000000 0.000000 1.000000
0.990653 0.052442 0.125921 -58.816921 -0.029170 0.983235 -0.179993 102.345215 -0.133249 0.174638 0.975575 5.874611 0.000000 0.000000 0.000000 1.000000
0.987344 0.026655 0.156340 -58.067238 -0.005612 0.991030 -0.133525 101.851166 -0.158496 0.130958 0.978636 4.641964 0.000000 0.000000 0.000000 1.000000
0.985222 -0.009653 0.171008 -57.288872 0.023336 0.996666 -0.078184 101.183731 -0.169683 0.081019 0.982163 3.444627 0.000000 0.000000 0.000000 1.000000
0.983919 -0.044043 0.173098 -56.535400 0.050159 0.998256 -0.031117 100.409531 -0.171426 0.039299 0.984413 2.608092 0.000000 0.000000 0.000000 1.000000
0.982330 -0.067276 0.174645 -55.745296 0.068565 0.997646 -0.001354 99.726952 -0.174143 0.013305 0.984631 2.312664 0.000000 0.000000 0.000000 1.000000
0.979071 -0.073312 0.189854 -54.822880 0.072140 0.997309 0.013088 99.177032 -0.190303 0.000882 0.981725 2.534682 0.000000 0.000000 0.000000 1.000000
0.972969 -0.060082 0.222983 -53.699646 0.056993 0.998169 0.020268 98.619484 -0.223793 -0.007012 0.974612 3.108997 0.000000 0.000000 0.000000 1.000000
0.964183 -0.030543 0.263472 -52.341255 0.024077 0.999325 0.027737 97.919296 -0.264141 -0.020400 0.964268 3.872932 0.000000 0.000000 0.000000 1.000000
0.955304 0.009152 0.295484 -50.672256 -0.021553 0.999017 0.038740 97.040161 -0.294839 -0.043377 0.954562 4.761904 0.000000 0.000000 0.000000 1.000000
0.948819 0.052250 0.311468 -48.538601 -0.071419 0.996170 0.050449 95.987274 -0.307639 -0.070112 0.948916 5.785320 0.000000 0.000000 0.000000 1.000000
0.944587 0.093965 0.314524 -45.762756 -0.116590 0.991718 0.053866 94.662415 -0.306857 -0.087551 0.947720 6.923101 0.000000 0.000000 0.000000 1.000000
0.941478 0.132511 0.309935 -42.238079 -0.151689 0.987678 0.038505 92.832825 -0.301014 -0.083265 0.949978 8.056047 0.000000 0.000000 0.000000 1.000000
0.939141 0.166555 0.300455 -38.007988 -0.175001 0.984568 0.001217 90.331009 -0.295616 -0.053723 0.953795 9.020296 0.000000 0.000000 0.000000 1.000000
0.936847 0.192458 0.292022 -33.250072 -0.186289 0.981269 -0.049068 87.319855 -0.295995 -0.008431 0.955152 9.736287 0.000000 0.000000 0.000000 1.000000
0.932354 0.206040 0.297090 -28.192904 -0.185442 0.977930 -0.096252 84.333649 -0.310365 0.034648 0.949986 10.226116 0.000000 0.000000 0.000000 1.000000
0.923363 0.206009 0.323978 -23.113064 -0.173438 0.976658 -0.126720 81.982353 -0.342521 0.060818 0.937540 10.589292 0.000000 0.000000 0.000000 1.000000
0.911077 0.193237 0.364140 -18.242495 -0.153375 0.978809 -0.135676 80.548744 -0.382641 0.067761 0.921409 10.889167 0.000000 0.000000 0.000000 1.000000
0.902346 0.169179 0.396421 -13.740900 -0.128192 0.983466 -0.127915 79.965889 -0.411507 0.064606 0.909114 11.120302 0.000000 0.000000 0.000000 1.000000
0.903574 0.137656 0.405714 -9.705870 -0.099447 0.988501 -0.113911 80.092949 -0.416730 0.062580 0.906874 11.256107 0.000000 0.000000 0.000000 1.000000
0.912944 0.104223 0.394551 -6.242915 -0.069294 0.992388 -0.101808 80.812050 -0.402159 0.065605 0.913217 11.260152 0.000000 0.000000 0.000000 1.000000
0.924581 0.071549 0.374206 -3.360608 -0.041080 0.995203 -0.088786 82.057396 -0.378764 0.066717 0.923085 11.096527 0.000000 0.000000 0.000000 1.000000
0.936437 0.037841 0.348788 -1.079534 -0.017929 0.998029 -0.060144 83.744781 -0.350377 0.050067 0.935270 10.712844 0.000000 0.000000 0.000000 1.000000
0.950545 0.001272 0.310583 0.519312 -0.000668 0.999998 -0.002052 85.834236 -0.310585 0.001743 0.950544 10.063174 0.000000 0.000000 0.000000 1.000000
0.966656 -0.030427 0.254263 1.364515 0.010723 0.996855 0.078523 88.374252 -0.255853 -0.073178 0.963942 9.112042 0.000000 0.000000 0.000000 1.000000
0.980126 -0.043285 0.193595 1.551675 0.014364 0.988829 0.148363 91.378418 -0.197854 -0.142633 0.969799 7.856917 0.000000 0.000000 0.000000 1.000000
0.987544 -0.035024 0.153396 1.408626 0.008356 0.985210 0.171149 94.615341 -0.157122 -0.167735 0.973231 6.412837 0.000000 0.000000 0.000000 1.000000
0.989652 -0.014624 0.142745 1.238471 -0.005203 0.990482 0.137546 97.613716 -0.143397 -0.136865 0.980156 5.052129 0.000000 0.000000 0.000000 1.000000
0.989268 0.009347 0.145814 1.070025 -0.019775 0.997335 0.070231 99.888840 -0.144769 -0.072360 0.986816 4.075393 0.000000 0.000000 0.000000 1.000000
0.989751 0.028265 0.139980 0.778632 -0.028708 0.999587 0.001150 101.174210 -0.139889 -0.005157 0.990154 3.573477 0.000000 0.000000 0.000000 1.000000
0.992529 0.034419 0.117057 0.335907 -0.028393 0.998203 -0.052762 101.496834 -0.118662 0.049045 0.991723 3.355389 0.000000 0.000000 0.000000 1.000000
0.996343 0.025121 0.081668 -0.104993 -0.017811 0.995870 -0.089031 101.078575 -0.083567 0.087251 0.992675 3.100373 0.000000 0.000000 0.000000 1.000000
0.999375 0.003214 0.035209 -0.360341 0.000467 0.994574 -0.104028 100.202156 -0.035352 0.103979 0.993951 2.532004 0.000000 0.000000 0.000000 1.000000
0.999365 -0.021472 -0.028443 -0.410474 0.018864 0.995853 -0.089003 99.143898 0.030236 0.088410 0.995625 1.508758 0.000000 0.000000 0.000000 1.000000
0.993383 -0.033106 -0.109974 -0.360239 0.028661 0.998717 -0.041758 98.119141 0.111215 0.038330 0.993057 0.073351 0.000000 0.000000 0.000000 1.000000
0.980564 -0.022519 -0.194903 -0.302145 0.027672 0.999335 0.023753 97.215134 0.194238 -0.028684 0.980535 -1.542106 0.000000 0.000000 0.000000 1.000000
0.964127 0.001870 -0.265436 -0.306510 0.021183 0.996244 0.083960 96.334808 0.264596 -0.086571 0.960466 -2.959644 0.000000 0.000000 0.000000 1.000000
0.947207 0.024476 -0.319687 -0.500702 0.015809 0.992304 0.122815 95.294060 0.320232 -0.121385 0.939530 -3.789991 0.000000 0.000000 0.000000 1.000000
0.927572 0.039614 -0.371538 -1.039062 0.014165 0.989921 0.140909 94.044563 0.373375 -0.135966 0.917662 -3.860381 0.000000 0.000000 0.000000 1.000000
0.899350 0.049143 -0.434459 -1.941822 0.017781 0.988731 0.148645 92.744446 0.436868 -0.141409 0.888341 -3.298713 0.000000 0.000000 0.000000 1.000000
0.859039 0.053165 -0.509142 -3.112370 0.029610 0.987767 0.153101 91.631989 0.511053 -0.146595 0.846956 -2.371743 0.000000 0.000000 0.000000 1.000000
0.808883 0.049977 -0.585841 -4.561420 0.048629 0.987281 0.151367 90.818657 0.585955 -0.150927 0.796165 -1.283272 0.000000 0.000000 0.000000 1.000000
0.754449 0.037802 -0.655270 -6.523697 0.066606 0.988777 0.133729 90.112701 0.652971 -0.144537 0.743464 -0.148896 0.000000 0.000000 0.000000 1.000000
0.700930 0.013543 -0.713101 -9.253266 0.074799 0.992910 0.092379 89.098488 0.709297 -0.118091 0.694948 0.902118 0.000000 0.000000 0.000000 1.000000
0.653278 -0.023315 -0.756759 -12.648618 0.071545 0.996954 0.031048 87.563034 0.753730 -0.074425 0.652957 1.709143 0.000000 0.000000 0.000000 1.000000
0.616339 -0.062708 -0.784981 -16.229774 0.062487 0.997576 -0.030629 85.703369 0.784998 -0.030174 0.618763 2.152362 0.000000 0.000000 0.000000 1.000000
0.594089 -0.085464 -0.799847 -19.500551 0.054826 0.996330 -0.065735 83.834152 0.802529 -0.004800 0.596594 2.247764 0.000000 0.000000 0.000000 1.000000
0.592775 -0.075605 -0.801811 -22.160858 0.049901 0.997119 -0.057130 82.157516 0.803821 -0.006146 0.594840 2.074814 0.000000 0.000000 0.000000 1.000000
0.622380 -0.033013 -0.782019 -24.173286 0.045168 0.998960 -0.006223 80.758957 0.781411 -0.031449 0.623224 1.636750 0.000000 0.000000 0.000000 1.000000
0.689330 0.025932 -0.723984 -25.645754 0.037202 0.996773 0.071124 79.751175 0.723492 -0.075961 0.686141 0.876321 0.000000 0.000000 0.000000 1.000000
0.785417 0.076854 -0.614177 -26.690189 0.021175 0.988345 0.150753 79.215546 0.618605 -0.131409 0.774635 -0.249553 0.000000 0.000000 0.000000 1.000000
0.885546 0.101980 -0.453220 -27.345736 -0.008370 0.978952 0.203921 79.017212 0.464476 -0.176788 0.867760 -1.721955 0.000000 0.000000 0.000000 1.000000
0.959773 0.105869 -0.260054 -27.724848 -0.051685 0.976979 0.206979 78.906441 0.275980 -0.185211 0.943150 -3.318489 0.000000 0.000000 0.000000 1.000000
0.991593 0.110767 -0.066891 -27.962645 -0.099082 0.982446 0.158061 78.773743 0.083224 -0.150104 0.985161 -4.602765 0.000000 0.000000 0.000000 1.000000
0.987721 0.126954 0.091046 -28.043114 -0.134689 0.987275 0.084537 78.674294 -0.079155 -0.095762 0.992252 -5.268441 0.000000 0.000000 0.000000 1.000000
0.970177 0.142913 0.195789 -27.832815 -0.150546 0.988297 0.024598 78.640976 -0.189982 -0.053339 0.980338 -5.375836 0.000000 0.000000 0.000000 1.000000
0.953467 0.153449 0.259526 -27.204906 -0.157575 0.987495 -0.004959 78.593399 -0.257041 -0.036166 0.965723 -5.196903 0.000000 0.000000 0.000000 1.000000
0.935468 0.173202 0.308060 -26.146868 -0.175881 0.984223 -0.019275 78.419235 -0.306538 -0.036151 0.951172 -4.914186 0.000000 0.000000 0.000000 1.000000
0.909786 0.214891 0.355123 -24.780386 -0.212958 0.976023 -0.045034 78.106384 -0.356285 -0.034655 0.933734 -4.539414 0.000000 0.000000 0.000000 1.000000
0.879112 0.268429 0.393838 -23.274410 -0.252381 0.963139 -0.093092 77.740044 -0.404309 -0.017559 0.914454 -4.100880 0.000000 0.000000 0.000000 1.000000
0.858355 0.306687 0.411303 -21.786476 -0.268826 0.951659 -0.148585 77.369377 -0.436990 0.016970 0.899307 -3.774163 0.000000 0.000000 0.000000 1.000000
0.859687 0.308754 0.406952 -20.333078 -0.253989 0.949566 -0.183884 76.981552 -0.443202 0.054721 0.894750 -3.838644 0.000000 0.000000 0.000000 1.000000
