<?xml version="1.0" encoding="utf-8"?>
<COLLADA xmlns="http://www.collada.org/2005/11/COLLADASchema" version="1.4.1">
  <asset>
    <contributor>
      <author>Mixamo</author>
      <authoring_tool>COLLADA Mixamo exporter</authoring_tool>
      <comments/>
    </contributor>
    <created>2024-04-14T06:27:24Z</created>
    <modified>2024-04-14T06:27:24Z</modified>
    <revision/>
    <title/>
    <unit meter="0.010000"/>
    <up_axis>Y_UP</up_axis>
  </asset>
  <library_animations>
    <animation id="mixamorig_Hips-anim" name="mixamorig_Hips">
      <source id="mixamorig_Hips-Matrix-animation-input">
        <float_array id="mixamorig_Hips-Matrix-animation-input-array" count="72">

0.000000 0.033333 0.066667 0.100000 0.133333 0.166667 0.200000 0.233333 0.266667 0.300000 0.333333 0.366667 0.400000 0.433333 0.466667 0.500000
0.533333 0.566667 0.600000 0.633333 0.666667 0.700000 0.733333 0.766667 0.800000 0.833333 0.866667 0.900000 0.933333 0.966667 1.000000 1.033333
1.066667 1.100000 1.133333 1.166667 1.200000 1.233333 1.266667 1.300000 1.333333 1.366667 1.400000 1.433333 1.466667 1.500000 1.533333 1.566667
1.600000 1.633333 1.666667 1.700000 1.733333 1.766667 1.800000 1.833333 1.866667 1.900000 1.933333 1.966667 2.000000 2.033333 2.066667 2.100000
2.133333 2.166667 2.200000 2.233333 2.266667 2.300000 2.333333 2.366667</float_array>
        <technique_common>
          <accessor source="#mixamorig_Hips-Matrix-animation-input-array" count="72">
            <param name="TIME" type="float"/>
          </accessor>
        </technique_common>
      </source>
      <source id="mixamorig_Hips-Matrix-animation-output-transform">
        <float_array id="mixamorig_Hips-Matrix-animation-output-transform-array" count="1152">

0.959379 0.038432 0.279489 1.255188 -0.014452 0.996072 -0.087362 101.594101 -0.281749 0.079774 0.956166 2.247509 0.000000 0.000000 0.000000 1.000000
0.940318 0.086632 0.329086 1.710886 -0.053351 0.992624 -0.108865 101.510483 -0.336090 0.084811 0.938003 2.398226 0.000000 0.000000 0.000000 1.000000
0.928302 0.131596 0.347761 1.963133 -0.091695 0.987412 -0.128878 101.273682 -0.360343 0.087750 0.928683 2.542693 0.000000 0.000000 0.000000 1.000000
0.928265 0.167594 0.332019 2.029445 -0.125898 0.981610 -0.143500 100.808243 -0.349963 0.091405 0.932293 2.719827 0.000000 0.000000 0.000000 1.000000
0.939379 0.191442 0.284460 2.115297 -0.153097 0.976511 -0.151616 100.530632 -0.306804 0.098875 0.946623 2.956748 0.000000 0.000000 0.000000 1.000000
0.953720 0.209252 0.215945 2.484581 -0.178787 0.972030 -0.152290 100.331604 -0.241772 0.106634 0.964456 3.232897 0.000000 0.000000 0.000000 1.000000
0.970075 0.210823 0.120452 3.012507 -0.193282 0.970748 -0.142448 100.163551 -0.146959 0.114904 0.982446 3.536877 0.000000 0.000000 0.000000 1.000000
0.979069 0.201783 0.026612 3.639248 -0.196815 0.971946 -0.128780 99.895859 -0.051851 0.120846 0.991316 3.767837 0.000000 0.000000 0.000000 1.000000
0.983053 0.175443 -0.053172 4.569829 -0.180350 0.977563 -0.108831 99.661102 0.032885 0.116576 0.992637 3.847103 0.000000 0.000000 0.000000 1.000000
0.985411 0.124414 -0.116127 5.912909 -0.135075 0.986836 -0.088938 99.358810 0.103533 0.103326 0.989244 3.890293 0.000000 0.000000 0.000000 1.000000
0.987422 0.049062 -0.150301 7.539547 -0.061183 0.995144 -0.077108 98.604149 0.145788 0.085333 0.985629 3.878991 0.000000 0.000000 0.000000 1.000000
0.987477 -0.039128 -0.152836 9.309542 0.028566 0.997089 -0.070697 97.794907 0.155157 0.065446 0.985720 3.835516 0.000000 0.000000 0.000000 1.000000
0.983696 -0.121145 -0.132914 11.055449 0.113459 0.991481 -0.063979 97.185089 0.139532 0.047856 0.989060 3.858695 0.000000 0.000000 0.000000 1.000000
0.977156 -0.187948 -0.099202 12.483358 0.182885 0.981424 -0.057959 96.746300 0.108253 0.038492 0.993378 4.004529 0.000000 0.000000 0.000000 1.000000
0.969612 -0.240162 -0.046635 13.431506 0.237936 0.970064 -0.048609 96.464081 0.056913 0.036035 0.997729 4.168252 0.000000 0.000000 0.000000 1.000000
0.959067 -0.281621 0.029665 13.896250 0.282428 0.958886 -0.027796 96.316513 -0.020618 0.035036 0.999173 4.251276 0.000000 0.000000 0.000000 1.000000
0.943243 -0.310818 0.116981 13.864368 0.312731 0.949839 0.002103 96.187355 -0.111766 0.034600 0.993132 4.250628 0.000000 0.000000 0.000000 1.000000
0.923513 -0.323575 0.205968 13.429864 0.324098 0.945477 0.032158 96.040504 -0.205143 0.037055 0.978030 4.186191 0.000000 0.000000 0.000000 1.000000
0.898617 -0.317865 0.302405 12.746515 0.315752 0.947113 0.057256 95.864754 -0.304612 0.044034 0.951458 3.995217 0.000000 0.000000 0.000000 1.000000
0.868444 -0.290235 0.401956 11.898102 0.285452 0.955589 0.073257 95.704605 -0.405367 0.051119 0.912724 3.707207 0.000000 0.000000 0.000000 1.000000
0.839407 -0.242328 0.486490 10.884650 0.235646 0.968862 0.076013 95.575455 -0.489762 0.050833 0.870373 3.425194 0.000000 0.000000 0.000000 1.000000
0.820441 -0.180839 0.542378 9.654272 0.177076 0.982386 0.059687 95.546738 -0.543619 0.047072 0.838011 3.171860 0.000000 0.000000 0.000000 1.000000
0.816470 -0.102766 0.568168 8.207250 0.111348 0.993586 0.019704 95.723732 -0.566549 0.047177 0.822676 2.966227 0.000000 0.000000 0.000000 1.000000
0.820835 -0.007581 0.571115 6.643006 0.032983 0.998872 -0.034146 96.171463 -0.570213 0.046865 0.820159 2.868365 0.000000 0.000000 0.000000 1.000000
0.822210 0.086271 0.562608 5.100228 -0.048970 0.995503 -0.081085 96.941284 -0.567074 0.039118 0.822737 2.805435 0.000000 0.000000 0.000000 1.000000
0.820107 0.154123 0.551063 3.633257 -0.114138 0.987751 -0.106393 97.800804 -0.560710 0.024356 0.827654 2.639744 0.000000 0.000000 0.000000 1.000000
0.826306 0.191636 0.529617 2.301858 -0.153880 0.981373 -0.115015 98.515846 -0.541792 0.013540 0.840403 2.446341 0.000000 0.000000 0.000000 1.000000
0.851432 0.208807 0.481107 1.148104 -0.173737 0.977827 -0.116921 99.010376 -0.494853 0.015964 0.868830 2.370579 0.000000 0.000000 0.000000 1.000000
0.892111 0.212262 0.398852 0.228847 -0.182404 0.976838 -0.111872 99.224968 -0.413360 0.027050 0.910166 2.370122 0.000000 0.000000 0.000000 1.000000
0.933012 0.210077 0.292159 -0.370692 -0.188643 0.976938 -0.100035 99.534966 -0.306436 0.038220 0.951124 2.423864 0.000000 0.000000 0.000000 1.000000
0.963431 0.204337 0.173342 -0.734058 -0.192604 0.977829 -0.082184 99.886581 -0.186292 0.045792 0.981427 2.548050 0.000000 0.000000 0.000000 1.000000
0.980890 0.187879 0.050566 -1.097990 -0.185411 0.981399 -0.049784 100.272919 -0.058979 0.039457 0.997479 2.742962 0.000000 0.000000 0.000000 1.000000
0.984051 0.164723 -0.067159 -1.532517 -0.166087 0.985994 -0.015219 100.624138 0.063712 0.026130 0.997626 2.881618 0.000000 0.000000 0.000000 1.000000
0.974478 0.141427 -0.174330 -1.959792 -0.143713 0.989619 -0.000498 100.826157 0.172450 0.025539 0.984687 2.929914 0.000000 0.000000 0.000000 1.000000
0.956455 0.112169 -0.269467 -2.431737 -0.116569 0.993183 -0.000331 100.920807 0.267593 0.031728 0.963009 2.950200 0.000000 0.000000 0.000000 1.000000
0.934792 0.070312 -0.348166 -2.926222 -0.078340 0.996886 -0.009013 100.681221 0.346449 0.035700 0.937389 2.873828 0.000000 0.000000 0.000000 1.000000
0.915781 0.019750 -0.401192 -3.287709 -0.034043 0.999013 -0.028528 100.490906 0.400233 0.039783 0.915549 2.634378 0.000000 0.000000 0.000000 1.000000
0.905276 -0.027770 -0.423915 -3.325272 0.007455 0.998746 -0.049506 100.422714 0.424758 0.041656 0.904348 2.244128 0.000000 0.000000 0.000000 1.000000
0.908652 -0.066248 -0.412266 -3.117067 0.045199 0.997138 -0.060612 100.335533 0.415102 0.036441 0.909045 1.750744 0.000000 0.000000 0.000000 1.000000
0.926479 -0.099368 -0.362992 -2.938425 0.082595 0.994685 -0.061482 100.196182 0.367172 0.026981 0.929762 1.176615 0.000000 0.000000 0.000000 1.000000
0.950662 -0.126300 -0.283356 -2.960824 0.114614 0.991744 -0.057517 100.047379 0.288281 0.022203 0.957288 0.655741 0.000000 0.000000 0.000000 1.000000
0.972577 -0.139823 -0.185860 -3.155458 0.132643 0.989872 -0.050586 99.846054 0.191051 0.024546 0.981273 0.335752 0.000000 0.000000 0.000000 1.000000
0.986953 -0.137210 -0.084246 -3.568092 0.134085 0.990091 -0.041715 99.487991 0.089135 0.029875 0.995571 0.246686 0.000000 0.000000 0.000000 1.000000
0.992387 -0.122487 0.012861 -4.284679 0.122893 0.991698 -0.037856 99.044601 -0.008117 0.039149 0.999200 0.374586 0.000000 0.000000 0.000000 1.000000
0.990297 -0.096005 0.100474 -5.268342 0.100757 0.993967 -0.043329 98.648911 -0.095708 0.053032 0.993996 0.688496 0.000000 0.000000 0.000000 1.000000
0.984411 -0.053381 0.167588 -6.387761 0.063511 0.996427 -0.055679 98.368355 -0.164017 0.065455 0.984284 1.086493 0.000000 0.000000 0.000000 1.000000
0.980233 0.006056 0.197753 -7.566836 0.008513 0.997314 -0.072742 98.104889 -0.197663 0.072988 0.977549 1.418811 0.000000 0.000000 0.000000 1.000000
0.980657 0.073216 0.181527 -8.816593 -0.057168 0.994105 -0.092121 97.856033 -0.187201 0.079961 0.979062 1.637235 0.000000 0.000000 0.000000 1.000000
0.982353 0.137197 0.127119 -10.051724 -0.123850 0.986453 -0.107568 97.733978 -0.140155 0.089926 0.986038 1.791891 0.000000 0.000000 0.000000 1.000000
0.979411 0.193594 0.057239 -11.135936 -0.186322 0.975986 -0.112849 97.796333 -0.077711 0.099860 0.991962 1.938995 0.000000 0.000000 0.000000 1.000000
0.970787 0.239738 -0.009877 -12.040196 -0.239385 0.964911 -0.107899 97.832848 -0.016337 0.107111 0.994113 2.095140 0.000000 0.000000 0.000000 1.000000
0.959337 0.271605 -0.076831 -12.785106 -0.278247 0.955732 -0.095678 97.568420 0.047444 0.113166 0.992443 2.207114 0.000000 0.000000 0.000000 1.000000
0.945555 0.287940 -0.151712 -13.234361 -0.301731 0.950279 -0.076990 97.367462 0.122001 0.118574 0.985422 2.287048 0.000000 0.000000 0.000000 1.000000
0.926673 0.291580 -0.237187 -13.341027 -0.312052 0.948583 -0.053048 97.239120 0.209524 0.123172 0.970015 2.339258 0.000000 0.000000 0.000000 1.000000
0.898459 0.285550 -0.333515 -13.086210 -0.311817 0.949763 -0.026835 97.150330 0.309097 0.128106 0.942363 2.384214 0.000000 0.000000 0.000000 1.000000
0.861229 0.265285 -0.433485 -12.479930 -0.296063 0.955161 -0.003665 97.095016 0.413076 0.131495 0.901154 2.453787 0.000000 0.000000 0.000000 1.000000
0.820328 0.229811 -0.523688 -11.550813 -0.261979 0.964985 0.013090 97.069420 0.508360 0.126457 0.851809 2.534519 0.000000 0.000000 0.000000 1.000000
0.780171 0.185926 -0.597299 -10.347741 -0.216757 0.976006 0.020688 97.059532 0.586814 0.113329 0.801752 2.563708 0.000000 0.000000 0.000000 1.000000
0.747509 0.136966 -0.649977 -8.919719 -0.167014 0.985830 0.015663 97.097466 0.642912 0.096847 0.759792 2.501556 0.000000 0.000000 0.000000 1.000000
0.732584 0.079474 -0.676021 -7.463364 -0.109818 0.993949 -0.002157 97.092339 0.671759 0.075819 0.736879 2.361206 0.000000 0.000000 0.000000 1.000000
0.736929 0.016493 -0.675769 -5.962197 -0.047880 0.998465 -0.027844 97.249542 0.674272 0.052874 0.736587 2.132887 0.000000 0.000000 0.000000 1.000000
0.756008 -0.042745 -0.653165 -4.533495 0.010090 0.998508 -0.053667 97.653503 0.654485 0.033983 0.755311 1.887737 0.000000 0.000000 0.000000 1.000000
0.786943 -0.089769 -0.610460 -3.306130 0.057194 0.995713 -0.072693 98.151741 0.614369 0.022290 0.788704 1.672984 0.000000 0.000000 0.000000 1.000000
0.828165 -0.118951 -0.547716 -2.337586 0.088526 0.992714 -0.081741 98.659454 0.553449 0.019208 0.832662 1.464316 0.000000 0.000000 0.000000 1.000000
0.875872 -0.133426 -0.463731 -1.716955 0.107864 0.990831 -0.081355 99.217712 0.470334 0.021237 0.882233 1.296539 0.000000 0.000000 0.000000 1.000000
0.923444 -0.137659 -0.358192 -1.352336 0.118973 0.990150 -0.073811 99.880997 0.364824 0.025545 0.930726 1.220520 0.000000 0.000000 0.000000 1.000000
0.962065 -0.134163 -0.237553 -1.091814 0.121830 0.990359 -0.065925 100.572937 0.244107 0.034483 0.969135 1.229037 0.000000 0.000000 0.000000 1.000000
0.986070 -0.121584 -0.113502 -0.812887 0.114980 0.991365 -0.063047 101.169029 0.120188 0.049118 0.991535 1.328573 0.000000 0.000000 0.000000 1.000000
0.995398 -0.095698 0.004929 -0.431047 0.095820 0.993504 -0.061386 101.608627 0.000978 0.061576 0.998102 1.570397 0.000000 0.000000 0.000000 1.000000
0.992023 -0.057061 0.112399 0.074737 0.064274 0.996027 -0.061629 101.817467 -0.108436 0.068362 0.991750 1.816136 0.000000 0.000000 0.000000 1.000000
0.978668 -0.010949 0.205157 0.666896 0.025921 0.997179 -0.070437 101.754547 -0.203807 0.074252 0.976191 2.053353 0.000000 0.000000 0.000000 1.000000
0.959379 0.038432 0.279489 1.255188 -0.014452 0.996072 -0.087362 101.594101 -0.281749 0.079774 0.956166 2.247509 0.000000 0.000000 0.000000 1.000000</float_array>
        <technique_common>
          <accessor source="#mixamorig_Hips-Matrix-animation-output-transform-array" count="72" stride="16">
            <param type="float4x4"/>
          </accessor>
        </technique_common>
      </source>
      <source id="mixamorig_Hips-Interpolations">
        <Name_array id="mixamorig_Hips-Interpolations-array" count="72">
 LINEAR LINEAR LINEAR LINEAR LINEAR LINEAR LINEAR LINEAR LINEAR LINEAR LINEAR
LINEAR LINEAR LINEAR LINEAR LINEAR LINEAR LINEAR LINEAR LINEAR LINEAR LINEAR LINEAR
LINEAR LINEAR LINEAR LINEAR LINEAR LINEAR LINEAR LINEAR LINEAR LINEAR LINEAR LINEAR
LINEAR LINEAR LINEAR LINEAR LINEAR LINEAR LINEAR LINEAR LINEAR LINEAR LINEAR LINEAR
LINEAR LINEAR LINEAR LINEAR LINEAR LINEAR LINEAR LINEAR LINEAR LINEAR LINEAR LINEAR
LINEAR LINEAR LINEAR LINEAR LINEAR LINEAR LINEAR LINEAR LINEAR LINEAR LINEAR LINEAR
LINEAR</Name_array>
        <technique_common>
          <accessor source="#mixamorig_Hips-Interpolations-array" count="72">
            <param type="name"/>
          </accessor>
        </technique_common>
      </source>
      <sampler id="mixamorig_Hips-Matrix-animation-transform">
        <input semantic="INPUT" source="#mixamorig_Hips-Matrix-animation-input"/>
        <input semantic="OUTPUT" source="#mixamorig_Hips-Matrix-animation-output-transform"/>
        <input semantic="INTERPOLATION" source="#mixamorig_Hips-Interpolations"/>
      </sampler>
      <channel source="#mixamorig_Hips-Matrix-animation-transform" target="mixamorig_Hips/matrix"/>
    </animation>
    <animation id="mixamorig_Spine-anim" name="mixamorig_Spine">
      <source id="mixamorig_Spine-Matrix-animation-input">
        <float_array id="mixamorig_Spine-Matrix-animation-input-array" count="72">

0.000000 0.033333 0.066667 0.100000 0.133333 0.166667 0.200000 0.233333 0.266667 0.300000 0.333333 0.366667 0.400000 0.433333 0.466667 0.500000
0.533333 0.566667 0.600000 0.633333 0.666667 0.700000 0.733333 0.766667 0.800000 0.833333 0.866667 0.900000 0.933333 0.966667 1.000000 1.033333
1.066667 1.100000 1.133333 1.166667 1.200000 1.233333 1.266667 1.300000 1.333333 1.366667 1.400000 1.433333 1.466667 1.500000 1.533333 1.566667
1.600000 1.633333 1.666667 1.700000 1.733333 1.766667 1.800000 1.833333 1.866667 1.900000 1.933333 1.966667 2.000000 2.033333 2.066667 2.100000
2.133333 2.166667 2.200000 2.233333 2.266667 2.300000 2.333333 2.366667</float_array>
        <technique_common>
          <accessor source="#mixamorig_Spine-Matrix-animation-input-array" count="72">
            <param name="TIME" type="float"/>
          </accessor>
        </technique_common>
      </source>
      <source id="mixamorig_Spine-Matrix-animation-output-transform">
        <float_array id="mixamorig_Spine-Matrix-animation-output-transform-array" count="1152">

0.985319 0.007985 -0.170539 0.000000 0.046178 0.949207 0.311245 10.182400 0.164362 -0.314551 0.934903 0.000000 0.000000 0.000000 0.000000 1.000000
0.982401 0.008094 -0.186610 0.000000 0.055741 0.940834 0.334252 10.182400 0.178275 -0.338771 0.923825 0.000000 0.000000 0.000000 0.000000 1.000000
0.982783 -0.017472 -0.183937 0.000000 0.081297 0.934863 0.345575 10.182400 0.165918 -0.354578 0.920188 0.000000 0.000000 0.000000 0.000000 1.000000
0.985735 -0.054318 -0.159297 0.000000 0.108105 0.929764 0.351925 10.182400 0.128993 -0.364126 0.922374 0.000000 0.000000 0.000000 0.000000 1.000000
0.989051 -0.088123 -0.118371 0.000000 0.125494 0.924290 0.360471 10.182400 0.077643 -0.371379 0.925229 0.000000 0.000000 0.000000 0.000000 1.000000
0.987312 -0.134636 -0.084187 0.000000 0.156381 0.916418 0.368407 10.182400 0.027549 -0.376898 0.925845 0.000000 0.000000 0.000000 0.000000 1.000000
0.985690 -0.141259 -0.091986 0.000000 0.165547 0.914050 0.370279 10.182400 0.031774 -0.380208 0.924355 0.000000 0.000000 0.000000 0.000000 1.000000
0.984625 -0.152999 -0.084295 0.000000 0.173483 0.912942 0.369378 10.182400 0.020442 -0.378322 0.925448 0.000000 0.000000 0.000000 0.000000 1.000000
0.978780 -0.202079 -0.033967 -0.000000 0.200354 0.908978 0.365537 10.182400 -0.042992 -0.364586 0.930177 0.000000 0.000000 0.000000 0.000000 1.000000
0.966766 -0.252468 0.040293 0.000000 0.223606 0.911388 0.345503 10.182400 -0.123951 -0.325010 0.937552 0.000000 0.000000 0.000000 0.000000 1.000000
0.955525 -0.266814 0.125629 0.000000 0.217835 0.925710 0.309207 10.182400 -0.198796 -0.268089 0.942660 0.000000 0.000000 0.000000 0.000000 1.000000
0.947328 -0.251982 0.197674 0.000000 0.194444 0.942969 0.270188 10.182400 -0.254483 -0.217520 0.942297 -0.000000 0.000000 0.000000 0.000000 1.000000
0.941798 -0.233112 0.242229 0.000000 0.172350 0.953447 0.247456 10.182400 -0.288637 -0.191305 0.938132 -0.000000 0.000000 0.000000 0.000000 1.000000
0.941043 -0.209613 0.265518 0.000000 0.144763 0.958921 0.243954 10.182400 -0.305747 -0.191134 0.932731 0.000000 0.000000 0.000000 0.000000 1.000000
0.947232 -0.173668 0.269426 0.000000 0.108319 0.964492 0.240878 10.182400 -0.301692 -0.198984 0.932409 0.000000 0.000000 0.000000 0.000000 1.000000
0.960642 -0.121547 0.249788 0.000000 0.064675 0.972346 0.224413 10.182400 -0.270157 -0.199425 0.941937 -0.000000 0.000000 0.000000 0.000000 1.000000
0.975292 -0.054409 0.214117 0.000000 0.011304 0.980219 0.197593 10.182400 -0.220632 -0.190290 0.956614 -0.000000 0.000000 0.000000 0.000000 1.000000
0.985543 0.017385 0.168528 0.000000 -0.046223 0.984576 0.168743 10.182400 -0.162995 -0.174094 0.971146 0.000000 0.000000 0.000000 0.000000 1.000000
0.991059 0.079941 0.106828 -0.000000 -0.094986 0.984991 0.144116 10.182400 -0.093704 -0.152975 0.983777 0.000000 0.000000 0.000000 0.000000 1.000000
0.992402 0.118535 0.032991 0.000000 -0.121865 0.983910 0.130651 10.182400 -0.016973 -0.133679 0.990879 0.000000 0.000000 0.000000 0.000000 1.000000
0.990576 0.132148 -0.036003 0.000000 -0.126374 0.983193 0.131762 10.182400 0.052810 -0.125971 0.990627 0.000000 0.000000 0.000000 0.000000 1.000000
0.987535 0.131864 -0.085943 0.000000 -0.118149 0.981787 0.148781 10.182400 0.103997 -0.136773 0.985128 -0.000000 0.000000 0.000000 0.000000 1.000000
0.986019 0.120949 -0.114623 0.000000 -0.098676 0.978102 0.183246 10.182400 0.134276 -0.169374 0.976362 0.000000 0.000000 0.000000 0.000000 1.000000
0.985184 0.105177 -0.135462 0.000000 -0.071775 0.970227 0.231316 10.182400 0.155758 -0.218166 0.963402 0.000000 0.000000 0.000000 0.000000 1.000000
0.982131 0.101637 -0.158391 0.000000 -0.054432 0.959066 0.277903 10.182400 0.180153 -0.264316 0.947461 -0.000000 0.000000 0.000000 0.000000 1.000000
0.978450 0.113006 -0.172814 0.000000 -0.057602 0.953103 0.297114 10.182400 0.198285 -0.280757 0.939073 -0.000000 0.000000 0.000000 0.000000 1.000000
0.979301 0.120419 -0.162690 -0.000000 -0.068638 0.953721 0.292756 10.182400 0.190414 -0.275530 0.942245 0.000000 0.000000 0.000000 0.000000 1.000000
0.985862 0.113904 -0.122891 0.000000 -0.073151 0.952406 0.295924 10.182400 0.150749 -0.282751 0.947273 0.000000 0.000000 0.000000 0.000000 1.000000
0.993880 0.089711 -0.064455 0.000000 -0.065393 0.948082 0.311229 10.182400 0.089030 -0.305110 0.948146 -0.000000 0.000000 0.000000 0.000000 1.000000
0.999169 0.040660 -0.002823 0.000000 -0.037521 0.944656 0.325911 10.182400 0.015918 -0.325534 0.945396 0.000000 0.000000 0.000000 0.000000 1.000000
0.997601 -0.034194 0.060198 -0.000000 0.012127 0.942382 0.334318 10.182400 -0.068161 -0.332786 0.940536 -0.000000 0.000000 0.000000 0.000000 1.000000
0.985681 -0.106965 0.130354 0.000000 0.060557 0.946027 0.318381 10.182400 -0.157374 -0.305928 0.938958 0.000000 0.000000 0.000000 0.000000 1.000000
0.966813 -0.158002 0.200767 -0.000000 0.096848 0.953837 0.284282 10.182400 -0.236416 -0.255404 0.937484 -0.000000 0.000000 0.000000 0.000000 1.000000
0.943129 -0.200726 0.264986 0.000000 0.129512 0.956005 0.263214 10.182400 -0.306162 -0.213925 0.927632 0.000000 0.000000 0.000000 0.000000 1.000000
0.915567 -0.233335 0.327555 0.000000 0.153582 0.955609 0.251445 10.182400 -0.371686 -0.179908 0.910759 0.000000 0.000000 0.000000 0.000000 1.000000
0.892558 -0.242172 0.380385 0.000000 0.156660 0.957541 0.242020 10.182400 -0.422844 -0.156426 0.892599 0.000000 0.000000 0.000000 0.000000 1.000000
0.882474 -0.236194 0.406758 0.000000 0.144340 0.959040 0.243739 10.182400 -0.447666 -0.156381 0.880420 0.000000 0.000000 0.000000 0.000000 1.000000
0.884332 -0.233048 0.404531 -0.000000 0.139656 0.958872 0.247103 10.182400 -0.445480 -0.162026 0.880508 -0.000000 0.000000 0.000000 0.000000 1.000000
0.896879 -0.228372 0.378753 0.000000 0.144947 0.960852 0.236123 10.182400 -0.417850 -0.156875 0.894870 -0.000000 0.000000 0.000000 0.000000 1.000000
0.919276 -0.208129 0.334086 0.000000 0.139944 0.966131 0.216810 10.182400 -0.367896 -0.152555 0.917268 0.000000 0.000000 0.000000 0.000000 1.000000
0.945492 -0.169223 0.278223 0.000000 0.113608 0.972107 0.205185 10.182400 -0.305185 -0.162393 0.938345 0.000000 0.000000 0.000000 0.000000 1.000000
0.969500 -0.120299 0.213538 0.000000 0.077491 0.977014 0.198590 10.182400 -0.232520 -0.175986 0.956537 0.000000 0.000000 0.000000 0.000000 1.000000
0.987825 -0.067500 0.140164 -0.000000 0.039770 0.980599 0.191949 10.182400 -0.150402 -0.184037 0.971344 -0.000000 0.000000 0.000000 0.000000 1.000000
0.998052 -0.007340 0.061962 -0.000000 -0.005054 0.980283 0.197535 10.182400 -0.062190 -0.197463 0.978336 0.000000 0.000000 0.000000 0.000000 1.000000
0.998236 0.056419 -0.018512 0.000000 -0.050878 0.973433 0.223248 10.182400 0.030616 -0.221912 0.974586 0.000000 0.000000 0.000000 0.000000 1.000000
0.989553 0.107869 -0.095654 0.000000 -0.080349 0.963510 0.255329 10.182400 0.119706 -0.244976 0.962111 0.000000 0.000000 0.000000 0.000000 1.000000
0.978621 0.132096 -0.157641 0.000000 -0.083924 0.956238 0.280295 10.182400 0.187769 -0.261073 0.946881 0.000000 0.000000 0.000000 0.000000 1.000000
0.971154 0.132947 -0.197952 -0.000000 -0.068574 0.950794 0.302139 10.182400 0.228380 -0.279849 0.932484 0.000000 0.000000 0.000000 0.000000 1.000000
0.967660 0.121793 -0.220909 0.000000 -0.044677 0.944626 0.325093 10.182400 0.248271 -0.304710 0.919518 0.000000 0.000000 0.000000 0.000000 1.000000
0.967260 0.099456 -0.233487 0.000000 -0.013369 0.938703 0.344469 10.182400 0.253434 -0.330070 0.909299 0.000000 0.000000 0.000000 0.000000 1.000000
0.968346 0.069787 -0.239660 0.000000 0.021618 0.933068 0.359049 10.182400 0.248676 -0.352865 0.902024 0.000000 0.000000 0.000000 0.000000 1.000000
0.971314 0.039875 -0.234432 0.000000 0.050513 0.928745 0.367261 10.182400 0.232372 -0.368568 0.900089 -0.000000 0.000000 0.000000 0.000000 1.000000
0.977028 0.006768 -0.213001 0.000000 0.074029 0.926475 0.369003 10.182400 0.199838 -0.376295 0.904692 -0.000000 0.000000 0.000000 0.000000 1.000000
0.983816 -0.039962 -0.174666 0.000000 0.102587 0.924853 0.366229 10.182400 0.146905 -0.378220 0.913985 -0.000000 0.000000 0.000000 0.000000 1.000000
0.987285 -0.105755 -0.118674 0.000000 0.142128 0.921630 0.361106 10.182400 0.071185 -0.373382 0.924943 -0.000000 0.000000 0.000000 0.000000 1.000000
0.983120 -0.177808 -0.043130 0.000000 0.181461 0.917417 0.354143 10.182400 -0.023401 -0.355991 0.934196 0.000000 0.000000 0.000000 0.000000 1.000000
0.970119 -0.238020 0.047064 0.000000 0.208339 0.916613 0.341198 10.182400 -0.124351 -0.321197 0.938813 -0.000000 0.000000 0.000000 0.000000 1.000000
0.951223 -0.276213 0.137409 -0.000000 0.220886 0.920721 0.321688 10.182400 -0.215369 -0.275645 0.936822 -0.000000 0.000000 0.000000 0.000000 1.000000
0.932216 -0.291235 0.214837 0.000000 0.221028 0.928227 0.299235 10.182400 -0.286565 -0.231467 0.929679 0.000000 0.000000 0.000000 0.000000 1.000000
0.918363 -0.284508 0.275071 0.000000 0.207823 0.938247 0.276591 10.182400 -0.336777 -0.196845 0.920779 -0.000000 0.000000 0.000000 0.000000 1.000000
0.910147 -0.272825 0.311766 0.000000 0.195845 0.946486 0.256531 10.182400 -0.365070 -0.172424 0.914874 -0.000000 0.000000 0.000000 0.000000 1.000000
0.907907 -0.269609 0.320959 -0.000000 0.195855 0.949831 0.243847 10.182400 -0.370601 -0.158529 0.915163 0.000000 0.000000 0.000000 0.000000 1.000000
0.911130 -0.274194 0.307668 0.000000 0.206697 0.949902 0.234439 10.182400 -0.356536 -0.150011 0.922160 0.000000 0.000000 0.000000 0.000000 1.000000
0.919446 -0.278829 0.277260 -0.000000 0.218662 0.948589 0.228835 10.182400 -0.326811 -0.149775 0.933146 0.000000 0.000000 0.000000 0.000000 1.000000
0.934708 -0.265571 0.236205 0.000000 0.212209 0.950133 0.228505 10.182400 -0.285111 -0.163461 0.944454 0.000000 0.000000 0.000000 0.000000 1.000000
0.956243 -0.225499 0.186410 -0.000000 0.181088 0.956611 0.228261 10.182400 -0.229794 -0.184516 0.955588 -0.000000 0.000000 0.000000 0.000000 1.000000
0.977642 -0.166927 0.127874 -0.000000 0.134725 0.964155 0.228590 10.182400 -0.161449 -0.206251 0.965088 0.000000 0.000000 0.000000 0.000000 1.000000
0.992313 -0.106047 0.063785 -0.000000 0.088296 0.967856 0.235495 10.182400 -0.086709 -0.228053 0.969780 0.000000 0.000000 0.000000 0.000000 1.000000
0.998489 -0.054770 -0.004493 0.000000 0.054190 0.967703 0.246200 10.182400 -0.009136 -0.246072 0.969209 0.000000 0.000000 0.000000 0.000000 1.000000
0.997142 -0.018699 -0.073198 -0.000000 0.037206 0.964790 0.260377 10.182400 0.065752 -0.262356 0.962728 -0.000000 0.000000 0.000000 0.000000 1.000000
0.991265 -0.000189 -0.131887 0.000000 0.037944 0.958129 0.283813 10.182400 0.126311 -0.286338 0.949766 -0.000000 0.000000 0.000000 0.000000 1.000000
0.985319 0.007985 -0.170539 0.000000 0.046178 0.949207 0.311245 10.182400 0.164362 -0.314551 0.934903 0.000000 0.000000 0.000000 0.000000 1.000000</float_array>
        <technique_common>
          <accessor source="#mixamorig_Spine-Matrix-animation-output-transform-array" count="72" stride="16">
            <param type="float4x4"/>
          </accessor>
        </technique_common>
      </source>
      <source id="mixamorig_Spine-Interpolations">
        <Name_array id="mixamorig_Spine-Interpolations-array" count="72">
 LINEAR LINEAR LINEAR LINEAR LINEAR LINEAR LINEAR LINEAR LINEAR LINEAR LINEAR
LINEAR LINEAR LINEAR LINEAR LINEAR LINEAR LINEAR LINEAR LINEAR LINEAR LINEAR LINEAR
LINEAR LINEAR LINEAR LINEAR LINEAR LINEAR LINEAR LINEAR LINEAR LINEAR LINEAR LINEAR
LINEAR LINEAR LINEAR LINEAR LINEAR LINEAR LINEAR LINEAR LINEAR LINEAR LINEAR LINEAR
LINEAR LINEAR LINEAR LINEAR LINEAR LINEAR LINEAR LINEAR LINEAR LINEAR LINEAR LINEAR
LINEAR LINEAR LINEAR LINEAR LINEAR LINEAR LINEAR LINEAR LINEAR LINEAR LINEAR LINEAR
LINEAR</Name_array>
        <technique_common>
          <accessor source="#mixamorig_Spine-Interpolations-array" count="72">
            <param type="name"/>
          </accessor>
        </technique_common>
      </source>
      <sampler id="mixamorig_Spine-Matrix-animation-transform">
        <input semantic="INPUT" source="#mixamorig_Spine-Matrix-animation-input"/>
        <input semantic="OUTPUT" source="#mixamorig_Spine-Matrix-animation-output-transform"/>
        <input semantic="INTERPOLATION" source="#mixamorig_Spine-Interpolations"/>
      </sampler>
      <channel source="#mixamorig_Spine-Matrix-animation-transform" target="mixamorig_Spine/matrix"/>
    </animation>
    <animation id="mixamorig_Spine1-anim" name="mixamorig_Spine1">
      <source id="mixamorig_Spine1-Matrix-animation-input">
        <float_array id="mixamorig_Spine1-Matrix-animation-input-array" count="72">

0.000000 0.033333 0.066667 0.100000 0.133333 0.166667 0.200000 0.233333 0.266667 0.300000 0.333333 0.366667 0.400000 0.433333 0.466667 0.500000
0.533333 0.566667 0.600000 0.633333 0.666667 0.700000 0.733333 0.766667 0.800000 0.833333 0.866667 0.900000 0.933333 0.966667 1.000000 1.033333
1.066667 1.100000 1.133333 1.166667 1.200000 1.233333 1.266667 1.300000 1.333333 1.366667 1.400000 1.433333 1.466667 1.500000 1.533333 1.566667
1.600000 1.633333 1.666667 1.700000 1.733333 1.766667 1.800000 1.833333 1.866667 1.900000 1.933333 1.966667 2.000000 2.033333 2.066667 2.100000
2.133333 2.166667 2.200000 2.233333 2.266667 2.300000 2.333333 2.366667</float_array>
        <technique_common>
          <accessor source="#mixamorig_Spine1-Matrix-animation-input-array" count="72">
            <param name="TIME" type="float"/>
          </accessor>
        </technique_common>
      </source>
      <source id="mixamorig_Spine1-Matrix-animation-output-transform">
        <float_array id="mixamorig_Spine1-Matrix-animation-output-transform-array" count="1152">

0.999600 0.009328 -0.026701 -0.000000 -0.011458 0.996669 -0.080747 10.002700 0.025859 0.081021 0.996377 0.000000 0.000000 0.000000 0.000000 1.000000
0.999155 -0.026688 -0.031272 0.000000 0.023724 0.995512 -0.091614 10.002700 0.033577 0.090794 0.995303 -0.000000 0.000000 0.000000 0.000000 1.000000
0.998651 -0.042318 -0.030100 -0.000000 0.039401 0.995009 -0.091672 10.002700 0.033829 0.090362 0.995334 0.000000 0.000000 0.000000 0.000000 1.000000
0.998805 -0.042298 -0.024504 0.000000 0.040111 0.995680 -0.083746 10.002700 0.027941 0.082663 0.996186 0.000000 0.000000 0.000000 0.000000 1.000000
0.999021 -0.041153 -0.016233 0.000000 0.039826 0.996389 -0.074983 10.002700 0.019261 0.074263 0.997053 -0.000000 0.000000 0.000000 0.000000 1.000000
0.999267 -0.037468 -0.007860 0.000000 0.036838 0.996934 -0.069036 10.002700 0.010423 0.068695 0.997583 0.000000 0.000000 0.000000 0.000000 1.000000
0.998198 -0.059177 -0.009902 -0.000000 0.058179 0.994984 -0.081372 10.002700 0.014668 0.080650 0.996635 0.000000 0.000000 0.000000 0.000000 1.000000
0.997530 -0.069696 -0.008758 -0.000000 0.068611 0.993462 -0.091246 10.002700 0.015060 0.090420 0.995790 0.000000 0.000000 0.000000 0.000000 1.000000
0.999226 -0.039177 0.003643 -0.000000 0.039345 0.995438 -0.086923 10.002700 -0.000221 0.087000 0.996208 0.000000 0.000000 0.000000 0.000000 1.000000
0.999722 0.011586 0.020554 0.000000 -0.010083 0.997368 -0.071801 10.002700 -0.021332 0.071574 0.997207 -0.000000 0.000000 0.000000 0.000000 1.000000
0.997476 0.060027 0.037922 0.000000 -0.058022 0.996963 -0.051938 10.002700 -0.040925 0.049607 0.997930 0.000000 0.000000 0.000000 0.000000 1.000000
0.993204 0.103611 0.053021 0.000000 -0.101439 0.993948 -0.042150 10.002700 -0.057068 0.036485 0.997703 0.000000 0.000000 0.000000 0.000000 1.000000
0.987855 0.141909 0.063283 0.000000 -0.138909 0.989065 -0.049541 10.002700 -0.069621 0.040149 0.996765 -0.000000 0.000000 0.000000 0.000000 1.000000
0.983365 0.168499 0.067828 -0.000000 -0.164332 0.984394 -0.062962 10.002700 -0.077379 0.050768 0.995708 0.000000 0.000000 0.000000 0.000000 1.000000
0.980343 0.185281 0.067815 -0.000000 -0.180696 0.981152 -0.068487 10.002700 -0.079226 0.054887 0.995344 0.000000 0.000000 0.000000 0.000000 1.000000
0.978129 0.197882 0.064082 0.000000 -0.193743 0.978866 -0.065461 10.002700 -0.075681 0.051614 0.995795 0.000000 0.000000 0.000000 0.000000 1.000000
0.977990 0.200565 0.057525 0.000000 -0.197265 0.978616 -0.058287 10.002700 -0.067985 0.045656 0.996641 0.000000 0.000000 0.000000 0.000000 1.000000
0.980602 0.189865 0.048699 0.000000 -0.187547 0.981059 -0.048465 10.002700 -0.056978 0.038392 0.997637 0.000000 0.000000 0.000000 0.000000 1.000000
0.984314 0.172478 0.037108 0.000000 -0.171118 0.984550 -0.037155 10.002700 -0.042943 0.030223 0.998620 -0.000000 0.000000 0.000000 0.000000 1.000000
0.988030 0.152524 0.023094 0.000000 -0.151834 0.987976 -0.029159 10.002700 -0.027264 0.025304 0.999308 0.000000 0.000000 0.000000 0.000000 1.000000
0.991822 0.127372 0.008135 0.000000 -0.127085 0.991458 -0.029318 10.002700 -0.011800 0.028044 0.999537 0.000000 0.000000 0.000000 0.000000 1.000000
0.995076 0.098988 -0.004936 -0.000000 -0.099101 0.994444 -0.035509 10.002700 0.001394 0.035824 0.999357 0.000000 0.000000 0.000000 0.000000 1.000000
0.997510 0.069025 -0.014467 0.000000 -0.069578 0.996690 -0.042038 10.002700 0.011517 0.042940 0.999011 -0.000000 0.000000 0.000000 0.000000 1.000000
0.999296 0.029581 -0.023064 0.000000 -0.030733 0.998210 -0.051297 10.002700 0.021505 0.051970 0.998417 0.000000 0.000000 0.000000 0.000000 1.000000
0.999167 -0.024762 -0.032451 0.000000 0.022471 0.997354 -0.069136 10.002700 0.034077 0.068349 0.997079 0.000000 0.000000 0.000000 0.000000 1.000000
0.996031 -0.079788 -0.039441 0.000000 0.076219 0.993466 -0.084942 10.002700 0.045961 0.081599 0.995605 0.000000 0.000000 0.000000 0.000000 1.000000
0.992756 -0.113027 -0.040742 -0.000000 0.109153 0.990187 -0.087269 10.002700 0.050206 0.082190 0.995351 -0.000000 0.000000 0.000000 0.000000 1.000000
0.991994 -0.121409 -0.034753 -0.000000 0.118049 0.989249 -0.086319 10.002700 0.044859 0.081525 0.995661 -0.000000 0.000000 0.000000 0.000000 1.000000
0.992945 -0.116241 -0.023402 0.000000 0.113689 0.989378 -0.090584 10.002700 0.033683 0.087285 0.995614 -0.000000 0.000000 0.000000 0.000000 1.000000
0.994785 -0.101544 -0.009571 -0.000000 0.100168 0.990337 -0.095916 10.002700 0.019218 0.094457 0.995343 0.000000 0.000000 0.000000 0.000000 1.000000
0.997365 -0.072240 0.006663 0.000000 0.072545 0.992358 -0.099814 10.002700 0.000599 0.100034 0.994984 0.000000 0.000000 0.000000 0.000000 1.000000
0.999085 -0.035467 0.023911 0.000000 0.037658 0.994429 -0.098450 10.002700 -0.020286 0.099260 0.994855 0.000000 0.000000 0.000000 0.000000 1.000000
0.999200 -0.000887 0.039986 0.000000 0.004514 0.995866 -0.090719 10.002700 -0.039740 0.090827 0.995073 0.000000 0.000000 0.000000 0.000000 1.000000
0.997848 0.034988 0.055462 0.000000 -0.030405 0.996215 -0.081435 10.002700 -0.058101 0.079573 0.995134 0.000000 0.000000 0.000000 0.000000 1.000000
0.994758 0.073623 0.070971 0.000000 -0.068483 0.995028 -0.072320 10.002700 -0.075943 0.067080 0.994853 0.000000 0.000000 0.000000 0.000000 1.000000
0.990667 0.107671 0.083579 0.000000 -0.102105 0.992430 -0.068250 10.002700 -0.090295 0.059079 0.994161 0.000000 0.000000 0.000000 0.000000 1.000000
0.986690 0.135564 0.089804 0.000000 -0.129095 0.988843 -0.074322 10.002700 -0.098877 0.061740 0.993182 0.000000 0.000000 0.000000 0.000000 1.000000
0.982533 0.162517 0.090645 -0.000000 -0.155197 0.984415 -0.082714 10.002700 -0.102675 0.067201 0.992442 0.000000 0.000000 0.000000 0.000000 1.000000
0.978348 0.187317 0.088015 0.000000 -0.180058 0.980038 -0.084290 10.002700 -0.102047 0.066617 0.992547 0.000000 0.000000 0.000000 0.000000 1.000000
0.975255 0.205441 0.081680 -0.000000 -0.198737 0.976514 -0.083217 10.002700 -0.096858 0.064925 0.993178 -0.000000 0.000000 0.000000 0.000000 1.000000
0.974935 0.210667 0.071565 0.000000 -0.204658 0.975310 -0.082977 10.002700 -0.087279 0.066250 0.993979 0.000000 0.000000 0.000000 0.000000 1.000000
0.977512 0.202428 0.059111 0.000000 -0.197782 0.977290 -0.076070 10.002700 -0.073168 0.062668 0.995349 0.000000 0.000000 0.000000 0.000000 1.000000
0.982197 0.182447 0.044751 0.000000 -0.179535 0.981782 -0.062227 10.002700 -0.055288 0.053085 0.997058 0.000000 0.000000 0.000000 0.000000 1.000000
0.988135 0.151164 0.027178 0.000000 -0.149613 0.987368 -0.052156 10.002700 -0.034718 0.047471 0.998269 -0.000000 0.000000 0.000000 0.000000 1.000000
0.993549 0.113197 0.006788 -0.000000 -0.112695 0.992265 -0.052051 10.002700 -0.012627 0.050950 0.998621 0.000000 0.000000 0.000000 0.000000 1.000000
0.997383 0.071069 -0.013308 0.000000 -0.071721 0.995763 -0.057547 10.002700 0.009161 0.058351 0.998254 -0.000000 0.000000 0.000000 0.000000 1.000000
0.999226 0.026160 -0.029361 0.000000 -0.028008 0.997532 -0.064384 10.002700 0.027604 0.065157 0.997493 0.000000 0.000000 0.000000 0.000000 1.000000
0.999068 -0.016697 -0.039806 0.000000 0.013768 0.997255 -0.072757 10.002700 0.040912 0.072142 0.996555 0.000000 0.000000 0.000000 0.000000 1.000000
0.997517 -0.053848 -0.045393 0.000000 0.049969 0.995327 -0.082630 10.002700 0.049630 0.080157 0.995546 0.000000 0.000000 0.000000 0.000000 1.000000
0.995555 -0.081565 -0.047089 0.000000 0.076900 0.992638 -0.093578 10.002700 0.054375 0.089541 0.994498 0.000000 0.000000 0.000000 0.000000 1.000000
0.994017 -0.099050 -0.046029 0.000000 0.093756 0.989975 -0.105633 10.002700 0.056030 0.100686 0.993339 0.000000 0.000000 0.000000 0.000000 1.000000
0.992908 -0.110878 -0.042892 0.000000 0.105397 0.987887 -0.113893 10.002700 0.055001 0.108564 0.992567 0.000000 0.000000 0.000000 0.000000 1.000000
0.992474 -0.116620 -0.037360 0.000000 0.111636 0.987028 -0.115386 10.002700 0.050332 0.110346 0.992618 0.000000 0.000000 0.000000 0.000000 1.000000
0.993352 -0.111532 -0.028503 -0.000000 0.107683 0.987807 -0.112438 10.002700 0.040696 0.108621 0.993250 0.000000 0.000000 0.000000 0.000000 1.000000
0.995389 -0.094636 -0.015666 -0.000000 0.092446 0.989997 -0.106584 10.002700 0.025596 0.104644 0.994180 0.000000 0.000000 0.000000 0.000000 1.000000
0.997656 -0.068434 0.000493 0.000000 0.068169 0.993100 -0.095424 10.002700 0.006040 0.095234 0.995437 0.000000 0.000000 0.000000 0.000000 1.000000
0.999167 -0.036477 0.018311 0.000000 0.037810 0.996179 -0.078727 10.002700 -0.015369 0.079353 0.996728 0.000000 0.000000 0.000000 0.000000 1.000000
0.999350 -0.006815 0.035405 0.000000 0.009001 0.998039 -0.061943 10.002700 -0.034913 0.062222 0.997452 0.000000 0.000000 0.000000 0.000000 1.000000
0.998623 0.016704 0.049728 0.000000 -0.014275 0.998707 -0.048799 10.002700 -0.050479 0.048022 0.997570 -0.000000 0.000000 0.000000 0.000000 1.000000
0.997226 0.042176 0.061329 0.000000 -0.039791 0.998423 -0.039597 10.002700 -0.062902 0.037046 0.997332 0.000000 0.000000 0.000000 0.000000 1.000000
0.994427 0.078303 0.070592 0.000000 -0.075860 0.996445 -0.036650 10.002700 -0.073211 0.031091 0.996832 0.000000 0.000000 0.000000 0.000000 1.000000
0.989312 0.124010 0.076706 -0.000000 -0.121241 0.991826 -0.039773 10.002700 -0.081012 0.030048 0.996260 -0.000000 0.000000 0.000000 0.000000 1.000000
0.982001 0.171363 0.079429 0.000000 -0.168398 0.984795 -0.042683 10.002700 -0.085536 0.028539 0.995926 -0.000000 0.000000 0.000000 0.000000 1.000000
0.974943 0.208258 0.078193 0.000000 -0.205220 0.977674 -0.045148 10.002700 -0.085850 0.027970 0.995915 0.000000 0.000000 0.000000 0.000000 1.000000
0.971912 0.223969 0.072282 -0.000000 -0.220940 0.974126 -0.047588 10.002700 -0.081070 0.030282 0.996248 0.000000 0.000000 0.000000 0.000000 1.000000
0.974225 0.216914 0.061914 0.000000 -0.214222 0.975638 -0.047312 10.002700 -0.070668 0.032830 0.996959 0.000000 0.000000 0.000000 0.000000 1.000000
0.979828 0.193987 0.048025 0.000000 -0.191909 0.980395 -0.044679 10.002700 -0.055751 0.034562 0.997846 0.000000 0.000000 0.000000 0.000000 1.000000
0.986185 0.162542 0.031928 0.000000 -0.161094 0.985973 -0.043652 10.002700 -0.038575 0.037906 0.998536 -0.000000 0.000000 0.000000 0.000000 1.000000
0.992165 0.124097 0.014462 0.000000 -0.123311 0.991284 -0.046372 10.002700 -0.020091 0.044225 0.998820 -0.000000 0.000000 0.000000 0.000000 1.000000
0.996621 0.082080 -0.002917 0.000000 -0.082119 0.995194 -0.053351 10.002700 -0.001476 0.053411 0.998572 0.000000 0.000000 0.000000 0.000000 1.000000
0.998824 0.045360 -0.017139 0.000000 -0.046395 0.996754 -0.065791 10.002700 0.014099 0.066509 0.997686 -0.000000 0.000000 0.000000 0.000000 1.000000
0.999600 0.009328 -0.026701 -0.000000 -0.011458 0.996669 -0.080747 10.002700 0.025859 0.081021 0.996377 0.000000 0.000000 0.000000 0.000000 1.000000</float_array>
        <technique_common>
          <accessor source="#mixamorig_Spine1-Matrix-animation-output-transform-array" count="72" stride="16">
            <param type="float4x4"/>
          </accessor>
        </technique_common>
      </source>
      <source id="mixamorig_Spine1-Interpolations">
        <Name_array id="mixamorig_Spine1-Interpolations-array" count="72">
 LINEAR LINEAR LINEAR LINEAR LINEAR LINEAR LINEAR LINEAR LINEAR LINEAR LINEAR
