<?xml version="1.0" encoding="utf-8"?>
<COLLADA xmlns="http://www.collada.org/2005/11/COLLADASchema" version="1.4.1">
  <asset>
    <contributor>
      <author>Mixamo</author>
      <authoring_tool>COLLADA Mixamo exporter</authoring_tool>
      <comments/>
    </contributor>
    <created>2024-05-03T13:19:43Z</created>
    <modified>2024-05-03T13:19:43Z</modified>
    <revision/>
    <title/>
    <unit meter="0.010000"/>
    <up_axis>Y_UP</up_axis>
  </asset>
  <library_animations>
    <animation id="mixamorig_Hips-anim" name="mixamorig_Hips">
      <source id="mixamorig_Hips-Matrix-animation-input">
        <float_array id="mixamorig_Hips-Matrix-animation-input-array" count="226">

0.000000 0.033333 0.066667 0.100000 0.133333 0.166667 0.200000 0.233333 0.266667 0.300000 0.333333 0.366667 0.400000 0.433333 0.466667 0.500000
0.533333 0.566667 0.600000 0.633333 0.666667 0.700000 0.733333 0.766667 0.800000 0.833333 0.866667 0.900000 0.933333 0.966667 1.000000 1.033333
1.066667 1.100000 1.133333 1.166667 1.200000 1.233333 1.266667 1.300000 1.333333 1.366667 1.400000 1.433333 1.466667 1.500000 1.533333 1.566667
1.600000 1.633333 1.666667 1.700000 1.733333 1.766667 1.800000 1.833333 1.866667 1.900000 1.933333 1.966667 2.000000 2.033333 2.066667 2.100000
2.133333 2.166667 2.200000 2.233333 2.266667 2.300000 2.333333 2.366667 2.400000 2.433333 2.466667 2.500000 2.533333 2.566667 2.600000 2.633333
2.666667 2.700000 2.733333 2.766667 2.800000 2.833333 2.866667 2.900000 2.933333 2.966667 3.000000 3.033333 3.066667 3.100000 3.133333 3.166667
3.200000 3.233333 3.266667 3.300000 3.333333 3.366667 3.400000 3.433333 3.466667 3.500000 3.533333 3.566667 3.600000 3.633333 3.666667 3.700000
3.733333 3.766667 3.800000 3.833333 3.866667 3.900000 3.933333 3.966667 4.000000 4.033333 4.066667 4.100000 4.133333 4.166667 4.200000 4.233333
4.266667 4.300000 4.333333 4.366667 4.400000 4.433333 4.466667 4.500000 4.533333 4.566667 4.600000 4.633333 4.666667 4.700000 4.733333 4.766667
4.800000 4.833333 4.866667 4.900000 4.933333 4.966667 5.000000 5.033333 5.066667 5.100000 5.133333 5.166667 5.200000 5.233333 5.266667 5.300000
5.333333 5.366667 5.400000 5.433333 5.466667 5.500000 5.533333 5.566667 5.600000 5.633333 5.666667 5.700000 5.733333 5.766667 5.800000 5.833333
5.866667 5.900000 5.933333 5.966667 6.000000 6.033333 6.066667 6.100000 6.133333 6.166667 6.200000 6.233333 6.266667 6.300000 6.333333 6.366667
6.400000 6.433333 6.466667 6.500000 6.533333 6.566667 6.600000 6.633333 6.666667 6.700000 6.733333 6.766667 6.800000 6.833333 6.866667 6.900000
6.933333 6.966667 7.000000 7.033333 7.066667 7.100000 7.133333 7.166667 7.200000 7.233333 7.266667 7.300000 7.333333 7.366667 7.400000 7.433333
7.466667 7.500000</float_array>
        <technique_common>
          <accessor source="#mixamorig_Hips-Matrix-animation-input-array" count="226">
            <param name="TIME" type="float"/>
          </accessor>
        </technique_common>
      </source>
      <source id="mixamorig_Hips-Matrix-animation-output-transform">
        <float_array id="mixamorig_Hips-Matrix-animation-output-transform-array" count="3616">

0.988990 -0.093137 -0.114994 -0.745135 0.085821 0.994054 -0.067017 97.301468 0.120552 0.056410 0.991103 1.604059 0.000000 0.000000 0.000000 1.000000
0.990503 -0.085017 -0.108058 -0.219740 0.078591 0.994952 -0.062402 97.104759 0.112817 0.053317 0.992184 1.507737 0.000000 0.000000 0.000000 1.000000
0.992777 -0.068375 -0.098582 0.261003 0.062965 0.996387 -0.056990 97.022499 0.102123 0.050371 0.993496 1.278329 0.000000 0.000000 0.000000 1.000000
0.995644 -0.041428 -0.083529 0.699212 0.036899 0.997801 -0.055055 97.059219 0.085626 0.051733 0.994983 0.858346 0.000000 0.000000 0.000000 1.000000
0.998153 -0.002336 -0.060698 1.113809 -0.001422 0.998087 -0.061803 97.158493 0.060726 0.061775 0.996241 0.175328 0.000000 0.000000 0.000000 1.000000
0.998345 0.046902 -0.033284 1.509086 -0.049452 0.995531 -0.080457 97.158257 0.029361 0.081969 0.996202 -0.855415 0.000000 0.000000 0.000000 1.000000
0.995185 0.097336 -0.011523 1.830248 -0.098013 0.989139 -0.109534 96.773674 0.000737 0.110136 0.993916 -2.292539 0.000000 0.000000 0.000000 1.000000
0.990159 0.139771 -0.007010 2.059792 -0.139326 0.979816 -0.143352 95.864624 -0.013168 0.142918 0.989647 -4.062860 0.000000 0.000000 0.000000 1.000000
0.985675 0.167040 -0.023299 2.165185 -0.168519 0.969848 -0.176055 94.407585 -0.006812 0.177459 0.984105 -5.933713 0.000000 0.000000 0.000000 1.000000
0.982849 0.176838 -0.052311 2.104082 -0.183864 0.961549 -0.204004 92.576546 0.014224 0.210123 0.977571 -7.638825 0.000000 0.000000 0.000000 1.000000
0.981862 0.171953 -0.079875 1.875203 -0.185785 0.956643 -0.224318 90.762520 0.037840 0.235089 0.971237 -9.037834 0.000000 0.000000 0.000000 1.000000
0.982723 0.159535 -0.093834 1.536235 -0.177573 0.955653 -0.234936 89.423615 0.052193 0.247539 0.967471 -10.141111 0.000000 0.000000 0.000000 1.000000
0.982966 0.159292 -0.091671 1.397476 -0.176845 0.955570 -0.235822 89.311279 0.050033 0.248016 0.967463 -10.968534 0.000000 0.000000 0.000000 1.000000
0.982163 0.173856 -0.071629 1.523852 -0.185833 0.955591 -0.228719 90.559029 0.028684 0.237950 0.970854 -11.479912 0.000000 0.000000 0.000000 1.000000
0.981711 0.187569 -0.032562 1.850282 -0.190170 0.958276 -0.213408 92.775032 -0.008826 0.215698 0.976420 -11.644596 0.000000 0.000000 0.000000 1.000000
0.982523 0.185219 0.018493 2.332834 -0.178554 0.965895 -0.187526 95.377266 -0.052595 0.180946 0.982086 -11.457422 0.000000 0.000000 0.000000 1.000000
0.983557 0.167944 0.066410 2.893049 -0.156433 0.976014 -0.151413 97.859077 -0.090247 0.138535 0.986237 -10.868306 0.000000 0.000000 0.000000 1.000000
0.984663 0.141801 0.101643 3.408044 -0.130349 0.985163 -0.111641 99.487267 -0.115966 0.096680 0.988537 -9.779618 0.000000 0.000000 0.000000 1.000000
0.984868 0.120684 0.124379 3.805701 -0.111819 0.990820 -0.075971 100.145370 -0.132406 0.060914 0.989322 -8.324198 0.000000 0.000000 0.000000 1.000000
0.984004 0.109020 0.140893 4.146164 -0.103145 0.993489 -0.048372 99.907936 -0.145249 0.033066 0.988842 -6.816949 0.000000 0.000000 0.000000 1.000000
0.983216 0.098689 0.153452 4.454744 -0.095309 0.995018 -0.029246 98.899872 -0.155574 0.014130 0.987723 -5.522705 0.000000 0.000000 0.000000 1.000000
0.983977 0.082080 0.158281 4.663288 -0.080298 0.996615 -0.017635 97.714890 -0.159193 0.004642 0.987237 -4.565362 0.000000 0.000000 0.000000 1.000000
0.986379 0.056295 0.154555 4.701504 -0.054906 0.998404 -0.013241 96.722687 -0.155053 0.004575 0.987895 -4.056892 0.000000 0.000000 0.000000 1.000000
0.988158 0.033947 0.149640 4.642093 -0.031447 0.999324 -0.019039 96.290749 -0.150186 0.014107 0.988557 -4.333443 0.000000 0.000000 0.000000 1.000000
0.988471 0.026120 0.149138 4.600685 -0.020054 0.998915 -0.042039 96.606621 -0.150074 0.038564 0.987922 -5.585001 0.000000 0.000000 0.000000 1.000000
0.988109 0.032566 0.150268 4.627120 -0.019433 0.995926 -0.088054 97.291649 -0.152524 0.084087 0.984716 -7.567490 0.000000 0.000000 0.000000 1.000000
0.988841 0.033070 0.145255 4.674665 -0.010626 0.988223 -0.152651 97.658928 -0.148593 0.149404 0.977547 -9.640383 0.000000 0.000000 0.000000 1.000000
0.991049 0.014487 0.132713 4.803330 0.015310 0.975203 -0.220783 97.180168 -0.132620 0.220838 0.966252 -11.306042 0.000000 0.000000 0.000000 1.000000
0.992878 -0.026524 0.116146 5.117332 0.058020 0.959128 -0.276960 95.839600 -0.104052 0.281726 0.953836 -12.342669 0.000000 0.000000 0.000000 1.000000
0.991781 -0.080244 0.099654 5.577838 0.107788 0.943657 -0.312880 94.210526 -0.068932 0.321050 0.944550 -12.814275 0.000000 0.000000 0.000000 1.000000
0.989160 -0.120647 0.083706 6.019073 0.141638 0.934318 -0.327091 92.991302 -0.038746 0.335401 0.941278 -13.161273 0.000000 0.000000 0.000000 1.000000
0.989420 -0.129037 0.066308 6.397604 0.143657 0.935204 -0.323660 92.694702 -0.020247 0.329762 0.943847 -13.781443 0.000000 0.000000 0.000000 1.000000
0.992345 -0.114042 0.047396 6.574275 0.123154 0.942452 -0.310832 93.570381 -0.009221 0.314290 0.949282 -14.583353 0.000000 0.000000 0.000000 1.000000
0.994774 -0.098528 0.026780 6.393916 0.102035 0.949794 -0.295771 95.526321 0.003706 0.296958 0.954883 -15.077459 0.000000 0.000000 0.000000 1.000000
0.995994 -0.089390 0.002287 6.087390 0.086494 0.956615 -0.278221 97.960175 0.022682 0.277305 0.960514 -15.022045 0.000000 0.000000 0.000000 1.000000
0.996405 -0.080385 -0.026740 5.842462 0.071011 0.964640 -0.253824 99.994255 0.046198 0.251012 0.966881 -14.468960 0.000000 0.000000 0.000000 1.000000
0.995810 -0.068348 -0.060756 5.732184 0.053114 0.973107 -0.224148 100.989868 0.074442 0.219982 0.972659 -13.351426 0.000000 0.000000 0.000000 1.000000
0.993573 -0.059742 -0.096142 5.734519 0.039821 0.979561 -0.197165 100.590187 0.105956 0.192069 0.975645 -11.699395 0.000000 0.000000 0.000000 1.000000
0.990474 -0.055108 -0.126190 5.795568 0.031900 0.983325 -0.179037 99.155334 0.133952 0.173306 0.975716 -9.853493 0.000000 0.000000 0.000000 1.000000
0.987776 -0.055168 -0.145794 5.777289 0.029930 0.985000 -0.169941 97.269913 0.152982 0.163500 0.974610 -8.378944 0.000000 0.000000 0.000000 1.000000
0.986590 -0.053490 -0.154202 5.652584 0.027266 0.985510 -0.167409 95.729568 0.160922 0.160959 0.973754 -7.548038 0.000000 0.000000 0.000000 1.000000
0.987215 -0.046583 -0.152436 5.464808 0.020273 0.985271 -0.169795 95.016800 0.158100 0.164534 0.973619 -7.416199 0.000000 0.000000 0.000000 1.000000
0.989235 -0.034647 -0.142177 5.270792 0.008984 0.984113 -0.177313 95.224136 0.146061 0.174127 0.973831 -7.991061 0.000000 0.000000 0.000000 1.000000
0.991720 -0.019634 -0.126906 5.083223 -0.005163 0.981347 -0.192175 96.101234 0.128312 0.191239 0.973121 -9.220220 0.000000 0.000000 0.000000 1.000000
0.993800 -0.005071 -0.111063 4.862470 -0.019135 0.976252 -0.215792 97.078659 0.109520 0.216579 0.970103 -10.865223 0.000000 0.000000 0.000000 1.000000
0.995409 0.009151 -0.095278 4.593618 -0.032317 0.969097 -0.244553 97.531731 0.090096 0.246510 0.964943 -12.354723 0.000000 0.000000 0.000000 1.000000
0.996552 0.030742 -0.077059 4.327816 -0.050618 0.961207 -0.271144 97.283455 0.065734 0.274110 0.959449 -13.113737 0.000000 0.000000 0.000000 1.000000
0.996444 0.062555 -0.056447 4.073008 -0.076341 0.953778 -0.290652 96.708313 0.035656 0.293928 0.955162 -13.250479 0.000000 0.000000 0.000000 1.000000
0.994423 0.099067 -0.036164 3.797426 -0.105377 0.947092 -0.303170 96.350288 0.004216 0.305291 0.952250 -13.287022 0.000000 0.000000 0.000000 1.000000
0.992029 0.125218 -0.014117 3.448965 -0.123345 0.942009 -0.312098 96.730583 -0.025782 0.311351 0.949945 -13.541131 0.000000 0.000000 0.000000 1.000000
0.990563 0.136362 0.013818 3.035989 -0.124701 0.938488 -0.322009 98.212387 -0.056878 0.317247 0.946636 -14.054928 0.000000 0.000000 0.000000 1.000000
0.989903 0.131814 0.052129 2.578348 -0.106929 0.935833 -0.335832 100.620750 -0.093051 0.326867 0.940478 -14.714259 0.000000 0.000000 0.000000 1.000000
0.988608 0.113388 0.098977 2.124705 -0.072218 0.934324 -0.349031 103.314957 -0.132053 0.337907 0.931870 -15.244570 0.000000 0.000000 0.000000 1.000000
0.985507 0.091032 0.143142 1.728281 -0.035544 0.935898 -0.350472 105.563667 -0.165870 0.340305 0.925570 -15.292662 0.000000 0.000000 0.000000 1.000000
0.980873 0.066603 0.182899 1.333099 -0.001783 0.942672 -0.333717 106.962143 -0.194640 0.327008 0.924760 -14.527113 0.000000 0.000000 0.000000 1.000000
0.974145 0.043030 0.221788 0.875753 0.026564 0.953070 -0.301582 107.385719 -0.224357 0.299677 0.927285 -12.885328 0.000000 0.000000 0.000000 1.000000
0.965531 0.027017 0.258880 0.337055 0.043035 0.964340 -0.261146 107.004318 -0.256704 0.263286 0.929938 -10.758175 0.000000 0.000000 0.000000 1.000000
0.957046 0.016018 0.289493 -0.301664 0.049865 0.974501 -0.218771 105.783264 -0.285616 0.223810 0.931844 -8.702030 0.000000 0.000000 0.000000 1.000000
0.952404 0.009528 0.304690 -0.933526 0.048170 0.982250 -0.181286 103.861961 -0.301009 0.187335 0.935040 -7.436675 0.000000 0.000000 0.000000 1.000000
0.954466 0.008122 0.298209 -1.451065 0.040204 0.987008 -0.155560 101.872887 -0.295598 0.160466 0.941739 -7.375381 0.000000 0.000000 0.000000 1.000000
0.963603 0.004390 0.267303 -1.901918 0.035833 0.988722 -0.145412 100.460297 -0.264927 0.149698 0.952578 -8.380295 0.000000 0.000000 0.000000 1.000000
0.976432 -0.012412 0.215469 -2.392320 0.046296 0.987152 -0.152932 99.761139 -0.210802 0.159303 0.964461 -10.051163 0.000000 0.000000 0.000000 1.000000
0.986548 -0.043662 0.157534 -2.923873 0.072209 0.980953 -0.180326 99.599045 -0.146660 0.189276 0.970910 -11.971089 0.000000 0.000000 0.000000 1.000000
0.990601 -0.078923 0.111714 -3.417260 0.102565 0.968963 -0.224924 99.689995 -0.090495 0.234268 0.967951 -13.775328 0.000000 0.000000 0.000000 1.000000
0.991005 -0.106174 0.081462 -3.826946 0.124877 0.952525 -0.277671 99.788086 -0.048113 0.285346 0.957216 -15.202964 0.000000 0.000000 0.000000 1.000000
0.991326 -0.119286 0.055161 -4.121375 0.130844 0.935149 -0.329205 99.730209 -0.012314 0.333567 0.942646 -16.186096 0.000000 0.000000 0.000000 1.000000
0.992641 -0.119159 0.021581 -4.206871 0.118642 0.921229 -0.370488 99.770996 0.024266 0.370322 0.928586 -16.797983 0.000000 0.000000 0.000000 1.000000
0.993158 -0.115276 -0.018648 -4.072754 0.098936 0.915472 -0.390029 100.046333 0.062032 0.385516 0.920614 -17.166424 0.000000 0.000000 0.000000 1.000000
0.991489 -0.115058 -0.060919 -3.774641 0.083504 0.921020 -0.380460 100.928757 0.099883 0.372135 0.922789 -17.413883 0.000000 0.000000 0.000000 1.000000
0.987448 -0.115500 -0.107730 -3.363250 0.071644 0.935421 -0.346201 102.387848 0.140759 0.334138 0.931954 -17.468395 0.000000 0.000000 0.000000 1.000000
0.979927 -0.109345 -0.166694 -2.905910 0.055583 0.952857 -0.298287 104.321327 0.191451 0.283034 0.939808 -17.119251 0.000000 0.000000 0.000000 1.000000
0.966380 -0.090296 -0.240739 -2.493040 0.029698 0.969238 -0.244328 106.515457 0.255396 0.228965 0.939334 -16.225014 0.000000 0.000000 0.000000 1.000000
0.944532 -0.061152 -0.322676 -2.229844 -0.001438 0.981732 -0.190263 108.287903 0.328417 0.180174 0.927189 -14.868605 0.000000 0.000000 0.000000 1.000000
0.915939 -0.033273 -0.399936 -2.157194 -0.028033 0.988818 -0.146466 108.419281 0.400338 0.145365 0.904764 -13.293081 0.000000 0.000000 0.000000 1.000000
0.886933 -0.016684 -0.461598 -2.192742 -0.044182 0.991701 -0.120738 106.047226 0.459781 0.127481 0.878835 -11.778602 0.000000 0.000000 0.000000 1.000000
0.865513 -0.010005 -0.500786 -2.171656 -0.051527 0.992718 -0.108888 102.099869 0.498229 0.120047 0.858695 -10.525276 0.000000 0.000000 0.000000 1.000000
0.857680 -0.003773 -0.514170 -1.988449 -0.055531 0.993444 -0.099922 98.904793 0.511176 0.114253 0.851848 -9.645666 0.000000 0.000000 0.000000 1.000000
0.865256 0.007866 -0.501268 -1.677328 -0.059920 0.994332 -0.087826 98.182327 0.497736 0.106028 0.860823 -9.309111 0.000000 0.000000 0.000000 1.000000
0.885604 0.023400 -0.463851 -1.324364 -0.066121 0.994909 -0.076050 99.443497 0.459710 0.098021 0.882643 -9.802641 0.000000 0.000000 0.000000 1.000000
0.912613 0.040680 -0.406796 -0.977192 -0.077134 0.994299 -0.073613 100.853851 0.401483 0.098558 0.910548 -11.204355 0.000000 0.000000 0.000000 1.000000
0.938316 0.055622 -0.341276 -0.721174 -0.090567 0.992055 -0.087321 101.142265 0.333708 0.112843 0.935898 -13.287699 0.000000 0.000000 0.000000 1.000000
0.958030 0.067500 -0.278609 -0.629720 -0.103236 0.987911 -0.115644 100.599800 0.267436 0.139553 0.953417 -15.452299 0.000000 0.000000 0.000000 1.000000
0.971660 0.081601 -0.221854 -0.681776 -0.116720 0.981757 -0.150098 99.849937 0.205558 0.171739 0.963458 -17.174501 0.000000 0.000000 0.000000 1.000000
0.980520 0.102897 -0.167312 -0.812339 -0.133388 0.974088 -0.182647 99.001999 0.144183 0.201406 0.968838 -18.385210 0.000000 0.000000 0.000000 1.000000
0.986213 0.122340 -0.111431 -1.033246 -0.143707 0.967051 -0.210146 97.922928 0.082050 0.223262 0.971299 -19.340622 0.000000 0.000000 0.000000 1.000000
0.988299 0.141098 -0.057927 -1.355233 -0.150779 0.961100 -0.231414 97.340027 0.023022 0.237440 0.971129 -20.243860 0.000000 0.000000 0.000000 1.000000
0.988904 0.148464 -0.005206 -1.794786 -0.145132 0.958044 -0.247160 97.557526 -0.031707 0.245173 0.968961 -21.191856 0.000000 0.000000 0.000000 1.000000
0.988156 0.143394 0.054638 -2.300468 -0.124425 0.957118 -0.261616 98.821129 -0.089810 0.251719 0.963624 -22.121574 0.000000 0.000000 0.000000 1.000000
0.983735 0.126868 0.127162 -2.819240 -0.087473 0.956662 -0.277752 100.806595 -0.156889 0.262112 0.952199 -22.810783 0.000000 0.000000 0.000000 1.000000
0.973262 0.106244 0.203649 -3.296465 -0.043605 0.955936 -0.290319 102.759247 -0.225520 0.273676 0.935009 -22.922832 0.000000 0.000000 0.000000 1.000000
0.957673 0.087288 0.274305 -3.663408 -0.003384 0.956264 -0.292486 103.961052 -0.287838 0.279177 0.916084 -22.242891 0.000000 0.000000 0.000000 1.000000
0.937720 0.074905 0.339220 -3.852873 0.026739 0.958017 -0.285461 104.071167 -0.346361 0.276753 0.896349 -20.894600 0.000000 0.000000 0.000000 1.000000
0.914003 0.073641 0.398969 -3.876677 0.043042 0.960238 -0.275845 103.092567 -0.403418 0.269295 0.874490 -19.310774 0.000000 0.000000 0.000000 1.000000
0.890841 0.075372 0.448020 -3.928504 0.052878 0.962238 -0.267023 101.009781 -0.451228 0.261565 0.853215 -17.754501 0.000000 0.000000 0.000000 1.000000
0.877093 0.075495 0.474350 -4.096282 0.056840 0.964318 -0.258574 98.275482 -0.476945 0.253755 0.841506 -16.588531 0.000000 0.000000 0.000000 1.000000
0.877971 0.075015 0.472799 -4.321710 0.052427 0.966638 -0.250723 95.588448 -0.475834 0.244915 0.844748 -16.130352 0.000000 0.000000 0.000000 1.000000
0.890904 0.077107 0.447598 -4.501141 0.038641 0.969044 -0.243846 93.577530 -0.452545 0.234539 0.860346 -16.570187 0.000000 0.000000 0.000000 1.000000
0.910128 0.078390 0.406844 -4.622426 0.022298 0.971249 -0.237019 92.423683 -0.413727 0.224790 0.882213 -17.799168 0.000000 0.000000 0.000000 1.000000
0.931424 0.075186 0.356086 -4.660628 0.010422 0.972516 -0.232604 92.138275 -0.363788 0.220364 0.905040 -19.616789 0.000000 0.000000 0.000000 1.000000
0.951924 0.064208 0.299531 -4.569574 0.009424 0.971186 -0.238135 92.435295 -0.306191 0.229509 0.923890 -21.699394 0.000000 0.000000 0.000000 1.000000
0.969284 0.043853 0.242004 -4.323439 0.020740 0.965897 -0.258095 92.982307 -0.245069 0.255187 0.935319 -23.655987 0.000000 0.000000 0.000000 1.000000
0.982196 0.009649 0.187609 -4.009840 0.045474 0.956766 -0.287281 93.422791 -0.182270 0.290698 0.939294 -25.119944 0.000000 0.000000 0.000000 1.000000
0.990251 -0.035384 0.134727 -3.702171 0.076936 0.945221 -0.317234 93.708153 -0.116122 0.324507 0.938728 -26.113749 0.000000 0.000000 0.000000 1.000000
0.993147 -0.084246 0.081004 -3.394974 0.107154 0.933078 -0.343340 93.730484 -0.046658 0.349668 0.935711 -26.786100 0.000000 0.000000 0.000000 1.000000
0.991916 -0.123911 0.027364 -2.981416 0.125400 0.924140 -0.360889 93.824585 0.019430 0.361403 0.932207 -27.344034 0.000000 0.000000 0.000000 1.000000
0.988403 -0.150281 -0.021801 -2.417853 0.132265 0.922513 -0.362596 94.290405 0.074603 0.355507 0.931692 -27.909601 0.000000 0.000000 0.000000 1.000000
0.983966 -0.165497 -0.066489 -1.745535 0.132662 0.928301 -0.347359 95.392044 0.119209 0.332969 0.935372 -28.461727 0.000000 0.000000 0.000000 1.000000
0.979503 -0.166211 -0.113791 -1.021312 0.121789 0.938636 -0.322693 97.102501 0.160444 0.302220 0.939639 -28.810040 0.000000 0.000000 0.000000 1.000000
0.974280 -0.146174 -0.171499 -0.291945 0.091163 0.951679 -0.293252 99.082657 0.206078 0.270075 0.940527 -28.637909 0.000000 0.000000 0.000000 1.000000
0.964481 -0.109829 -0.240238 0.332354 0.046011 0.965413 -0.256634 100.802223 0.260115 0.236465 0.936176 -27.760904 0.000000 0.000000 0.000000 1.000000
0.947036 -0.073080 -0.312700 0.728085 0.004326 0.976576 -0.215130 101.792587 0.321097 0.202383 0.925169 -26.280205 0.000000 0.000000 0.000000 1.000000
0.924314 -0.051213 -0.378182 0.912196 -0.018920 0.983587 -0.179438 101.766167 0.381165 0.173012 0.908174 -24.488934 0.000000 0.000000 0.000000 1.000000
0.902888 -0.045781 -0.427431 1.089676 -0.023627 0.987525 -0.155681 100.772141 0.429226 0.150661 0.890543 -22.639721 0.000000 0.000000 0.000000 1.000000
0.888908 -0.047550 -0.455611 1.427102 -0.018629 0.990023 -0.139669 99.206062 0.457707 0.132640 0.879154 -20.853251 0.000000 0.000000 0.000000 1.000000
0.884810 -0.048674 -0.463403 1.874289 -0.011732 0.991886 -0.126584 97.666565 0.465804 0.117440 0.877060 -19.332525 0.000000 0.000000 0.000000 1.000000
0.889720 -0.047086 -0.454072 2.304935 -0.007239 0.993086 -0.117164 96.821068 0.456449 0.107530 0.883228 -18.374504 0.000000 0.000000 0.000000 1.000000
0.901997 -0.040911 -0.429799 2.707405 -0.009064 0.993486 -0.113590 97.061302 0.431647 0.106353 0.895751 -18.133324 0.000000 0.000000 0.000000 1.000000
0.918987 -0.028734 -0.393241 3.098408 -0.019394 0.992840 -0.117870 98.224533 0.393812 0.115947 0.911849 -18.623446 0.000000 0.000000 0.000000 1.000000
0.937193 -0.012024 -0.348603 3.428859 -0.037327 0.990210 -0.134505 99.669556 0.346807 0.139070 0.927569 -19.698679 0.000000 0.000000 0.000000 1.000000
0.953699 0.002764 -0.300749 3.663402 -0.055125 0.984625 -0.165758 100.529327 0.295667 0.174662 0.939188 -21.057877 0.000000 0.000000 0.000000 1.000000
0.967815 0.010510 -0.251443 3.863682 -0.063490 0.977006 -0.203541 100.309540 0.243522 0.212954 0.946228 -22.289207 0.000000 0.000000 0.000000 1.000000
0.979545 0.022541 -0.199961 4.149135 -0.070011 0.969799 -0.233640 99.298416 0.188655 0.242860 0.951540 -22.956886 0.000000 0.000000 0.000000 1.000000
0.988457 0.042796 -0.145329 4.458437 -0.078292 0.965546 -0.248178 97.896439 0.129701 0.256691 0.957751 -23.133377 0.000000 0.000000 0.000000 1.000000
0.994240 0.061927 -0.087477 4.582165 -0.081943 0.965291 -0.247990 96.758461 0.069084 0.253730 0.964805 -23.109434 0.000000 0.000000 0.000000 1.000000
0.997223 0.068546 -0.029109 4.360823 -0.073496 0.968912 -0.236237 96.434631 0.012011 0.237721 0.971259 -23.168709 0.000000 0.000000 0.000000 1.000000
0.997304 0.069234 0.024331 3.876451 -0.062261 0.973770 -0.218849 97.361542 -0.038844 0.216744 0.975455 -23.553186 0.000000 0.000000 0.000000 1.000000
0.994920 0.071893 0.070469 3.293453 -0.055923 0.976753 -0.206947 99.479660 -0.083709 0.201955 0.975811 -24.254332 0.000000 0.000000 0.000000 1.000000
0.990889 0.079896 0.108421 2.769295 -0.056117 0.976752 -0.206897 102.458794 -0.122430 0.198928 0.972337 -25.022358 0.000000 0.000000 0.000000 1.000000
0.985987 0.087593 0.141975 2.321030 -0.056125 0.975625 -0.212146 105.506042 -0.157097 0.201205 0.966870 -25.370468 0.000000 0.000000 0.000000 1.000000
0.979280 0.087780 0.182499 1.930134 -0.047809 0.975912 -0.212863 107.553085 -0.196788 0.199727 0.959887 -24.792706 0.000000 0.000000 0.000000 1.000000
0.967765 0.086310 0.236604 1.582761 -0.036275 0.977418 -0.208179 108.393387 -0.249229 0.192885 0.949042 -23.413973 0.000000 0.000000 0.000000 1.000000
0.949600 0.092223 0.299591 1.281684 -0.030921 0.978640 -0.203243 107.946167 -0.311935 0.183736 0.932168 -21.751869 0.000000 0.000000 0.000000 1.000000
0.928408 0.094583 0.359322 0.895960 -0.023153 0.979906 -0.198113 106.077286 -0.370840 0.175610 0.911942 -20.090773 0.000000 0.000000 0.000000 1.000000
0.912194 0.087526 0.400300 0.419891 -0.011965 0.982193 -0.187492 103.272606 -0.409583 0.166239 0.896999 -18.713415 0.000000 0.000000 0.000000 1.000000
0.906396 0.076712 0.415406 0.032914 -0.005347 0.985378 -0.170299 100.409058 -0.422396 0.152137 0.893552 -17.945148 0.000000 0.000000 0.000000 1.000000
0.911635 0.065776 0.405703 -0.148440 -0.003817 0.988423 -0.151674 98.054665 -0.410982 0.136723 0.901333 -18.023094 0.000000 0.000000 0.000000 1.000000
0.925578 0.053253 0.374794 -0.146687 -0.001253 0.990482 -0.137639 96.487816 -0.378556 0.126926 0.916834 -18.944496 0.000000 0.000000 0.000000 1.000000
0.944018 0.038604 0.327627 -0.037960 0.005630 0.991100 -0.133001 95.726868 -0.329846 0.127400 0.935399 -20.416023 0.000000 0.000000 0.000000 1.000000
0.961936 0.028012 0.271834 0.128690 0.011098 0.989908 -0.141279 95.357597 -0.273048 0.138919 0.951917 -22.034626 0.000000 0.000000 0.000000 1.000000
0.976592 0.027319 0.213356 0.314056 0.007651 0.986862 -0.161383 94.752159 -0.214962 0.159238 0.963553 -23.359173 0.000000 0.000000 0.000000 1.000000
0.988077 0.026438 0.151673 0.455058 0.002260 0.982549 -0.185989 93.667885 -0.153944 0.184114 0.970775 -23.977325 0.000000 0.000000 0.000000 1.000000
0.996309 0.012897 0.084866 0.548916 0.004939 0.978400 -0.206663 92.673080 -0.085698 0.206320 0.974725 -23.943779 0.000000 0.000000 0.000000 1.000000
0.999469 -0.025925 0.019738 0.592526 0.029636 0.975048 -0.220006 91.893890 -0.013542 0.220474 0.975299 -23.634192 0.000000 0.000000 0.000000 1.000000
0.997434 -0.061860 -0.036050 0.854649 0.052083 0.972381 -0.227514 92.029800 0.049128 0.225052 0.973107 -23.655725 0.000000 0.000000 0.000000 1.000000
0.993630 -0.079111 -0.080256 1.489376 0.058429 0.970628 -0.233384 93.182610 0.096362 0.227208 0.969067 -24.176474 0.000000 0.000000 0.000000 1.000000
0.989778 -0.077478 -0.119738 2.446526 0.046557 0.969102 -0.242226 95.375099 0.134805 0.234175 0.962803 -25.081657 0.000000 0.000000 0.000000 1.000000
0.984231 -0.067187 -0.163630 3.489917 0.023962 0.967173 -0.252987 98.371567 0.175256 0.245077 0.953532 -26.013527 0.000000 0.000000 0.000000 1.000000
0.974567 -0.066839 -0.213895 4.326579 0.009684 0.966154 -0.257784 101.002472 0.223886 0.249157 0.942229 -26.402718 0.000000 0.000000 0.000000 1.000000
0.958680 -0.063152 -0.277390 4.896909 -0.008727 0.968063 -0.250557 102.936508 0.284354 0.242625 0.927511 -25.965290 0.000000 0.000000 0.000000 1.000000
0.933574 -0.053046 -0.354438 5.218198 -0.032994 0.972064 -0.232387 103.728340 0.356863 0.228645 0.905743 -24.650158 0.000000 0.000000 0.000000 1.000000
0.899988 -0.044132 -0.433676 5.375333 -0.052565 0.976615 -0.208469 103.149773 0.432735 0.210416 0.876622 -22.976130 0.000000 0.000000 0.000000 1.000000
0.865596 -0.035363 -0.499493 5.533750 -0.065901 0.980782 -0.183641 101.734688 0.496388 0.191876 0.846630 -21.364252 0.000000 0.000000 0.000000 1.000000
0.840112 -0.032290 -0.541451 5.722054 -0.065934 0.984745 -0.161029 99.934212 0.538390 0.170982 0.825167 -20.068798 0.000000 0.000000 0.000000 1.000000
0.828099 -0.036729 -0.559377 5.972696 -0.051631 0.988613 -0.141347 98.608643 0.558199 0.145931 0.816773 -19.127573 0.000000 0.000000 0.000000 1.000000
0.828106 -0.043635 -0.558871 6.336746 -0.030964 0.991883 -0.123324 98.094582 0.559716 0.119430 0.820033 -18.507710 0.000000 0.000000 0.000000 1.000000
0.836916 -0.046675 -0.545337 6.821227 -0.013384 0.994314 -0.105642 98.078560 0.547168 0.095712 0.831533 -18.226019 0.000000 0.000000 0.000000 1.000000
0.851160 -0.041006 -0.523302 7.308906 -0.006584 0.996032 -0.088757 98.127037 0.524865 0.078992 0.847512 -18.212315 0.000000 0.000000 0.000000 1.000000
0.867303 -0.029745 -0.496891 7.592197 -0.008849 0.997134 -0.075137 97.798401 0.497702 0.069564 0.864554 -18.505869 0.000000 0.000000 0.000000 1.000000
0.883959 -0.019468 -0.467159 7.590773 -0.013455 0.997660 -0.067036 96.926216 0.467371 0.065542 0.881628 -19.119736 0.000000 0.000000 0.000000 1.000000
0.901896 -0.012455 -0.431774 7.419871 -0.016729 0.997827 -0.063728 95.704483 0.431629 0.064699 0.899728 -19.857441 0.000000 0.000000 0.000000 1.000000
0.920157 -0.012887 -0.391337 7.202465 -0.012150 0.998037 -0.061436 94.218430 0.391361 0.061285 0.918194 -20.676634 0.000000 0.000000 0.000000 1.000000
0.936662 -0.016969 -0.349823 7.015960 -0.003245 0.998362 -0.057116 92.849892 0.350219 0.054633 0.935073 -21.368034 0.000000 0.000000 0.000000 1.000000
0.950351 -0.019549 -0.310565 6.880708 0.003487 0.998631 -0.052189 92.009216 0.311161 0.048515 0.949118 -21.791052 0.000000 0.000000 0.000000 1.000000
0.962118 -0.014468 -0.272248 6.784887 0.000427 0.998670 -0.051562 92.056160 0.272632 0.049493 0.960845 -21.830587 0.000000 0.000000 0.000000 1.000000
0.972241 0.001145 -0.233979 6.679716 -0.015445 0.998121 -0.059295 92.903687 0.233471 0.061263 0.970432 -21.553972 0.000000 0.000000 0.000000 1.000000
0.979934 0.030178 -0.197025 6.441301 -0.045776 0.996125 -0.075101 94.358231 0.193995 0.082613 0.977518 -20.952475 0.000000 0.000000 0.000000 1.000000
0.984417 0.065457 -0.163216 6.035398 -0.081576 0.992216 -0.094088 95.978302 0.155786 0.105937 0.982094 -20.119081 0.000000 0.000000 0.000000 1.000000
0.987004 0.094311 -0.130112 5.437610 -0.108928 0.987921 -0.110216 97.499725 0.118146 0.122956 0.985354 -19.111658 0.000000 0.000000 0.000000 1.000000
0.990389 0.101953 -0.093461 4.679473 -0.112863 0.986333 -0.120036 98.649986 0.079946 0.129431 0.988360 -18.036814 0.000000 0.000000 0.000000 1.000000
0.995357 0.081574 -0.051092 3.762421 -0.087321 0.988588 -0.122757 99.092407 0.040495 0.126648 0.991121 -16.856956 0.000000 0.000000 0.000000 1.000000
0.998691 0.050261 -0.009446 2.773718 -0.051027 0.991642 -0.118498 99.144989 0.003411 0.118825 0.992909 -15.481353 0.000000 0.000000 0.000000 1.000000
0.999484 0.023600 0.021809 1.823846 -0.021080 0.993785 -0.109305 99.037376 -0.024253 0.108789 0.993769 -13.947552 0.000000 0.000000 0.000000 1.000000
0.999308 0.005050 0.036863 0.843280 -0.001383 0.995103 -0.098839 98.864136 -0.037181 0.098719 0.994420 -12.312396 0.000000 0.000000 0.000000 1.000000
0.999263 -0.013950 0.035769 -0.310674 0.017140 0.995750 -0.090494 98.660324 -0.034355 0.091040 0.995254 -10.636882 0.000000 0.000000 0.000000 1.000000
0.999278 -0.031446 0.021309 -1.540823 0.033173 0.995725 -0.086202 98.610046 -0.018507 0.086846 0.996050 -9.005684 0.000000 0.000000 0.000000 1.000000
0.998922 -0.046417 0.000824 -2.819288 0.046318 0.995256 -0.085557 98.645355 0.003151 0.085503 0.996333 -7.450179 0.000000 0.000000 0.000000 1.000000
0.998256 -0.056339 -0.017628 -4.118659 0.054624 0.994790 -0.086071 98.678352 0.022385 0.084958 0.996133 -5.997791 0.000000 0.000000 0.000000 1.000000
0.997752 -0.060762 -0.028262 -5.436679 0.058157 0.994657 -0.085293 98.626495 0.033294 0.083457 0.995955 -4.678738 0.000000 0.000000 0.000000 1.000000
0.997701 -0.061177 -0.029166 -6.764712 0.058581 0.994843 -0.082800 98.442490 0.034081 0.080901 0.996139 -3.513345 0.000000 0.000000 0.000000 1.000000
0.997972 -0.059764 -0.021899 -8.063378 0.057832 0.995100 -0.080202 98.136230 0.026585 0.078773 0.996538 -2.504619 0.000000 0.000000 0.000000 1.000000
0.998228 -0.058641 -0.010095 -9.278291 0.057656 0.995159 -0.079592 97.770035 0.014714 0.078869 0.996776 -1.642244 0.000000 0.000000 0.000000 1.000000
0.998233 -0.059388 0.002009 -10.370765 0.059353 0.994869 -0.081935 97.424850 0.002867 0.081909 0.996636 -0.901743 0.000000 0.000000 0.000000 1.000000
0.997979 -0.062626 0.010810 -11.319708 0.063329 0.994231 -0.086569 97.169212 -0.005326 0.087079 0.996187 -0.240507 0.000000 0.000000 0.000000 1.000000
0.997582 -0.068024 0.014254 -12.094545 0.069050 0.993372 -0.091892 97.047012 -0.007909 0.092654 0.995667 0.385845 0.000000 0.000000 0.000000 1.000000
0.997146 -0.074491 0.012253 -12.638629 0.075327 0.992486 -0.096421 97.077637 -0.004978 0.097069 0.995265 0.988501 0.000000 0.000000 0.000000 1.000000
0.996743 -0.080411 0.006197 -12.898860 0.080628 0.991770 -0.099453 97.254074 0.001851 0.099629 0.995023 1.536209 0.000000 0.000000 0.000000 1.000000
0.996448 -0.084181 -0.002263 -12.879948 0.083523 0.991380 -0.100945 97.531822 0.010741 0.100398 0.994889 1.992412 0.000000 0.000000 0.000000 1.000000
0.996322 -0.084836 -0.012079 -12.658030 0.083194 0.991409 -0.100930 97.830292 0.020538 0.099554 0.994820 2.352123 0.000000 0.000000 0.000000 1.000000
0.996349 -0.082340 -0.022575 -12.329077 0.079720 0.991862 -0.099272 98.075562 0.030566 0.097110 0.994804 2.632878 0.000000 0.000000 0.000000 1.000000
0.996436 -0.077622 -0.033021 -11.946551 0.074142 0.992614 -0.096024 98.250679 0.040231 0.093233 0.994831 2.843456 0.000000 0.000000 0.000000 1.000000
0.996450 -0.072389 -0.042989 -11.509853 0.068221 0.993458 -0.091582 98.386551 0.049337 0.088325 0.994869 2.975644 0.000000 0.000000 0.000000 1.000000
0.996242 -0.068590 -0.052886 -11.000557 0.063869 0.994219 -0.086306 98.496811 0.058500 0.082604 0.994864 3.016969 0.000000 0.000000 0.000000 1.000000
0.995666 -0.067815 -0.063646 -10.416937 0.062617 0.994795 -0.080386 98.540527 0.068766 0.076053 0.994730 2.958096 0.000000 0.000000 0.000000 1.000000
0.994606 -0.070853 -0.075752 -9.775599 0.065241 0.995110 -0.074155 98.459137 0.080635 0.068813 0.994366 2.793190 0.000000 0.000000 0.000000 1.000000
0.993070 -0.077167 -0.088645 -9.090089 0.071268 0.995144 -0.067895 98.240280 0.093454 0.061107 0.993747 2.524927 0.000000 0.000000 0.000000 1.000000
0.991164 -0.085951 -0.101027 -8.389344 0.080033 0.994909 -0.061246 97.896492 0.105777 0.052620 0.992997 2.175152 0.000000 0.000000 0.000000 1.000000
0.989126 -0.095723 -0.111655 -7.714050 0.090219 0.994492 -0.053356 97.477036 0.116148 0.042702 0.992314 1.791997 0.000000 0.000000 0.000000 1.000000
0.987336 -0.103993 -0.119807 -7.101480 0.099385 0.994083 -0.043831 97.058281 0.123656 0.031369 0.991829 1.438479 0.000000 0.000000 0.000000 1.000000
0.986217 -0.108191 -0.125179 -6.573841 0.104799 0.993933 -0.033392 96.725723 0.128032 0.019814 0.991572 1.170372 0.000000 0.000000 0.000000 1.000000
0.986059 -0.106867 -0.127542 -6.136245 0.104690 0.994223 -0.023673 96.542473 0.129335 0.009990 0.991551 1.018943 0.000000 0.000000 0.000000 1.000000
0.986855 -0.100348 -0.126675 -5.779199 0.099059 0.994946 -0.016448 96.524811 0.127685 0.003684 0.991808 0.986085 0.000000 0.000000 0.000000 1.000000
0.988294 -0.090602 -0.122742 -5.482045 0.089715 0.995886 -0.012745 96.636642 0.123392 0.001584 0.992357 1.047575 0.000000 0.000000 0.000000 1.000000
0.989904 -0.080376 -0.116743 -5.214685 0.079480 0.996760 -0.012312 96.812233 0.117355 0.002909 0.993086 1.162773 0.000000 0.000000 0.000000 1.000000
0.991236 -0.072197 -0.110627 -4.946734 0.071097 0.997373 -0.013867 96.988152 0.111338 0.005880 0.993765 1.289354 0.000000 0.000000 0.000000 1.000000
0.991965 -0.067770 -0.106834 -4.665120 0.066444 0.997663 -0.015925 97.121140 0.107664 0.008698 0.994149 1.397487 0.000000 0.000000 0.000000 1.000000
0.991906 -0.067764 -0.107382 -4.382577 0.066257 0.997648 -0.017541 97.201965 0.108318 0.010284 0.994063 1.476827 0.000000 0.000000 0.000000 1.000000
0.991063 -0.071187 -0.112815 -4.121744 0.069532 0.997407 -0.018544 97.242638 0.113843 0.010534 0.993443 1.531990 0.000000 0.000000 0.000000 1.000000
0.989676 -0.075633 -0.121742 -3.891830 0.073816 0.997084 -0.019376 97.271950 0.122852 0.010189 0.992373 1.573857 0.000000 0.000000 0.000000 1.000000
0.988200 -0.078735 -0.131384 -3.686571 0.076661 0.996841 -0.020783 97.314987 0.132605 0.010465 0.991114 1.610803 0.000000 0.000000 0.000000 1.000000
0.987110 -0.079552 -0.138874 -3.497067 0.077025 0.996753 -0.023485 97.376770 0.140291 0.012485 0.990032 1.643874 0.000000 0.000000 0.000000 1.000000
0.986662 -0.078748 -0.142470 -3.319785 0.075537 0.996755 -0.027815 97.442764 0.144199 0.016682 0.989408 1.666874 0.000000 0.000000 0.000000 1.000000
0.986805 -0.077669 -0.142069 -3.150909 0.073632 0.996724 -0.033464 97.494400 0.144203 0.022562 0.989291 1.670169 0.000000 0.000000 0.000000 1.000000
0.987262 -0.077474 -0.138969 -2.982200 0.072636 0.996574 -0.039562 97.519913 0.141557 0.028963 0.989506 1.647048 0.000000 0.000000 0.000000 1.000000
0.987695 -0.078686 -0.135157 -2.804260 0.073197 0.996296 -0.045122 97.518661 0.138207 0.034674 0.989796 1.599008 0.000000 0.000000 0.000000 1.000000
0.987876 -0.081163 -0.132337 -2.613708 0.075192 0.995939 -0.049522 97.497887 0.135818 0.038971 0.989967 1.535858 0.000000 0.000000 0.000000 1.000000
0.987781 -0.084282 -0.131094 -2.414412 0.077958 0.995565 -0.052655 97.467667 0.134950 0.041792 0.989971 1.471487 0.000000 0.000000 0.000000 1.000000
0.987565 -0.087254 -0.130777 -2.213160 0.080679 0.995234 -0.054774 97.436554 0.134933 0.043542 0.989898 1.418967 0.000000 0.000000 0.000000 1.000000
0.987440 -0.089498 -0.130203 -2.016269 0.082755 0.994977 -0.056318 97.409363 0.134589 0.044836 0.989887 1.386681 0.000000 0.000000 0.000000 1.000000
0.987532 -0.090845 -0.128557 -1.828930 0.083991 0.994790 -0.057775 97.387421 0.133136 0.046257 0.990018 1.376444 0.000000 0.000000 0.000000 1.000000
0.987829 -0.091493 -0.125792 -1.653752 0.084548 0.994642 -0.059487 97.370583 0.130561 0.048127 0.990272 1.384862 0.000000 0.000000 0.000000 1.000000
0.988231 -0.091736 -0.122405 -1.487986 0.084704 0.994508 -0.061477 97.358711 0.127373 0.050385 0.990574 1.406553 0.000000 0.000000 0.000000 1.000000
0.988638 -0.091767 -0.119057 -1.324583 0.084654 0.994385 -0.063496 97.350922 0.124215 0.052696 0.990855 1.436558 0.000000 0.000000 0.000000 1.000000
0.988965 -0.091706 -0.116354 -1.159774 0.084525 0.994284 -0.065222 97.344627 0.121670 0.054668 0.991064 1.471677 0.000000 0.000000 0.000000 1.000000
0.989149 -0.091755 -0.114743 -1.000238 0.084520 0.994206 -0.066414 97.335838 0.120172 0.055995 0.991173 1.511060 0.000000 0.000000 0.000000 1.000000
0.989156 -0.092172 -0.114343 -0.858749 0.084892 0.994136 -0.066992 97.321693 0.119847 0.056558 0.991180 1.555105 0.000000 0.000000 0.000000 1.000000
0.988990 -0.093137 -0.114994 -0.745135 0.085821 0.994054 -0.067017 97.301468 0.120552 0.056410 0.991103 1.604059 0.000000 0.000000 0.000000 1.000000</float_array>
        <technique_common>
          <accessor source="#mixamorig_Hips-Matrix-animation-output-transform-array" count="226" stride="16">
            <param type="float4x4"/>
          </accessor>
        </technique_common>
      </source>
      <source id="mixamorig_Hips-Interpolations">
        <Name_array id="mixamorig_Hips-Interpolations-array" count="226">
 LINEAR LINEAR LINEAR LINEAR LINEAR LINEAR LINEAR LINEAR LINEAR LINEAR LINEAR
LINEAR LINEAR LINEAR LINEAR LINEAR LINEAR LINEAR LINEAR LINEAR LINEAR LINEAR LINEAR
LINEAR LINEAR LINEAR LINEAR LINEAR LINEAR LINEAR LINEAR LINEAR LINEAR LINEAR LINEAR
LINEAR LINEAR LINEAR LINEAR LINEAR LINEAR LINEAR LINEAR LINEAR LINEAR LINEAR LINEAR
LINEAR LINEAR LINEAR LINEAR LINEAR LINEAR LINEAR LINEAR LINEAR LINEAR LINEAR LINEAR
LINEAR LINEAR LINEAR LINEAR LINEAR LINEAR LINEAR LINEAR LINEAR LINEAR LINEAR LINEAR
LINEAR LINEAR LINEAR LINEAR LINEAR LINEAR LINEAR LINEAR LINEAR LINEAR LINEAR LINEAR
LINEAR LINEAR LINEAR LINEAR LINEAR LINEAR LINEAR LINEAR LINEAR LINEAR LINEAR LINEAR
LINEAR LINEAR LINEAR LINEAR LINEAR LINEAR LINEAR LINEAR LINEAR LINEAR LINEAR LINEAR
LINEAR LINEAR LINEAR LINEAR LINEAR LINEAR LINEAR LINEAR LINEAR LINEAR LINEAR LINEAR
LINEAR LINEAR LINEAR LINEAR LINEAR LINEAR LINEAR LINEAR LINEAR LINEAR LINEAR LINEAR
LINEAR LINEAR LINEAR LINEAR LINEAR LINEAR LINEAR LINEAR LINEAR LINEAR LINEAR LINEAR
LINEAR LINEAR LINEAR LINEAR LINEAR LINEAR LINEAR LINEAR LINEAR LINEAR LINEAR LINEAR
LINEAR LINEAR LINEAR LINEAR LINEAR LINEAR LINEAR LINEAR LINEAR LINEAR LINEAR LINEAR
LINEAR LINEAR LINEAR LINEAR LINEAR LINEAR LINEAR LINEAR LINEAR LINEAR LINEAR LINEAR
LINEAR LINEAR LINEAR LINEAR LINEAR LINEAR LINEAR LINEAR LINEAR LINEAR LINEAR LINEAR
LINEAR LINEAR LINEAR LINEAR LINEAR LINEAR LINEAR LINEAR LINEAR LINEAR LINEAR LINEAR
LINEAR LINEAR LINEAR LINEAR LINEAR LINEAR LINEAR LINEAR LINEAR LINEAR LINEAR LINEAR
LINEAR LINEAR LINEAR LINEAR LINEAR LINEAR LINEAR LINEAR LINEAR LINEAR LINEAR</Name_array>
        <technique_common>
          <accessor source="#mixamorig_Hips-Interpolations-array" count="226">
            <param type="name"/>
          </accessor>
        </technique_common>
      </source>
      <sampler id="mixamorig_Hips-Matrix-animation-transform">
        <input semantic="INPUT" source="#mixamorig_Hips-Matrix-animation-input"/>
        <input semantic="OUTPUT" source="#mixamorig_Hips-Matrix-animation-output-transform"/>
        <input semantic="INTERPOLATION" source="#mixamorig_Hips-Interpolations"/>
      </sampler>
      <channel source="#mixamorig_Hips-Matrix-animation-transform" target="mixamorig_Hips/matrix"/>
    </animation>
    <animation id="mixamorig_Spine-anim" name="mixamorig_Spine">
      <source id="mixamorig_Spine-Matrix-animation-input">
        <float_array id="mixamorig_Spine-Matrix-animation-input-array" count="226">

