<?xml version="1.0" encoding="utf-8"?>
<COLLADA xmlns="http://www.collada.org/2005/11/COLLADASchema" version="1.4.1">
  <asset>
    <contributor>
      <author>Mixamo</author>
      <authoring_tool>COLLADA Mixamo exporter</authoring_tool>
      <comments/>
    </contributor>
    <created>2024-05-03T13:21:19Z</created>
    <modified>2024-05-03T13:21:19Z</modified>
    <revision/>
    <title/>
    <unit meter="0.010000"/>
    <up_axis>Y_UP</up_axis>
  </asset>
  <library_animations>
    <animation id="mixamorig_Hips-anim" name="mixamorig_Hips">
      <source id="mixamorig_Hips-Matrix-animation-input">
        <float_array id="mixamorig_Hips-Matrix-animation-input-array" count="459">

0.000000 0.033333 0.066667 0.100000 0.133333 0.166667 0.200000 0.233333 0.266667 0.300000 0.333333 0.366667 0.400000 0.433333 0.466667 0.500000
0.533333 0.566667 0.600000 0.633333 0.666667 0.700000 0.733333 0.766667 0.800000 0.833333 0.866667 0.900000 0.933333 0.966667 1.000000 1.033333
1.066667 1.100000 1.133333 1.166667 1.200000 1.233333 1.266667 1.300000 1.333333 1.366667 1.400000 1.433333 1.466667 1.500000 1.533333 1.566667
1.600000 1.633333 1.666667 1.700000 1.733333 1.766667 1.800000 1.833333 1.866667 1.900000 1.933333 1.966667 2.000000 2.033333 2.066667 2.100000
2.133333 2.166667 2.200000 2.233333 2.266667 2.300000 2.333333 2.366667 2.400000 2.433333 2.466667 2.500000 2.533333 2.566667 2.600000 2.633333
2.666667 2.700000 2.733333 2.766667 2.800000 2.833333 2.866667 2.900000 2.933333 2.966667 3.000000 3.033333 3.066667 3.100000 3.133333 3.166667
3.200000 3.233333 3.266667 3.300000 3.333333 3.366667 3.400000 3.433333 3.466667 3.500000 3.533333 3.566667 3.600000 3.633333 3.666667 3.700000
3.733333 3.766667 3.800000 3.833333 3.866667 3.900000 3.933333 3.966667 4.000000 4.033333 4.066667 4.100000 4.133333 4.166667 4.200000 4.233333
4.266667 4.300000 4.333333 4.366667 4.400000 4.433333 4.466667 4.500000 4.533333 4.566667 4.600000 4.633333 4.666667 4.700000 4.733333 4.766667
4.800000 4.833333 4.866667 4.900000 4.933333 4.966667 5.000000 5.033333 5.066667 5.100000 5.133333 5.166667 5.200000 5.233333 5.266667 5.300000
5.333333 5.366667 5.400000 5.433333 5.466667 5.500000 5.533333 5.566667 5.600000 5.633333 5.666667 5.700000 5.733333 5.766667 5.800000 5.833333
5.866667 5.900000 5.933333 5.966667 6.000000 6.033333 6.066667 6.100000 6.133333 6.166667 6.200000 6.233333 6.266667 6.300000 6.333333 6.366667
6.400000 6.433333 6.466667 6.500000 6.533333 6.566667 6.600000 6.633333 6.666667 6.700000 6.733333 6.766667 6.800000 6.833333 6.866667 6.900000
6.933333 6.966667 7.000000 7.033333 7.066667 7.100000 7.133333 7.166667 7.200000 7.233333 7.266667 7.300000 7.333333 7.366667 7.400000 7.433333
7.466667 7.500000 7.533333 7.566667 7.600000 7.633333 7.666667 7.700000 7.733333 7.766667 7.800000 7.833333 7.866667 7.900000 7.933333 7.966667
8.000000 8.033333 8.066667 8.100000 8.133333 8.166667 8.200000 8.233333 8.266667 8.300000 8.333333 8.366667 8.400000 8.433333 8.466667 8.500000
8.533333 8.566667 8.600000 8.633333 8.666667 8.700000 8.733333 8.766667 8.800000 8.833333 8.866667 8.900000 8.933333 8.966667 9.000000 9.033333
9.066667 9.100000 9.133333 9.166667 9.200000 9.233333 9.266667 9.300000 9.333333 9.366667 9.400000 9.433333 9.466667 9.500000 9.533333 9.566667
9.600000 9.633333 9.666667 9.700000 9.733333 9.766667 9.800000 9.833333 9.866667 9.900000 9.933333 9.966667 10.000000 10.033333 10.066667 10.100000
10.133333 10.166667 10.200000 10.233333 10.266667 10.300000 10.333333 10.366667 10.400000 10.433333 10.466667 10.500000 10.533333 10.566667 10.600000 10.633333
10.666667 10.700000 10.733333 10.766667 10.800000 10.833333 10.866667 10.900000 10.933333 10.966667 11.000000 11.033333 11.066667 11.100000 11.133333 11.166667
11.200000 11.233333 11.266667 11.300000 11.333333 11.366667 11.400000 11.433333 11.466667 11.500000 11.533333 11.566667 11.600000 11.633333 11.666667 11.700000
11.733333 11.766667 11.800000 11.833333 11.866667 11.900000 11.933333 11.966667 12.000000 12.033333 12.066667 12.100000 12.133333 12.166667 12.200000 12.233333
12.266667 12.300000 12.333333 12.366667 12.400000 12.433333 12.466667 12.500000 12.533333 12.566667 12.600000 12.633333 12.666667 12.700000 12.733333 12.766667
12.800000 12.833333 12.866667 12.900000 12.933333 12.966667 13.000000 13.033333 13.066667 13.100000 13.133333 13.166667 13.200000 13.233333 13.266667 13.300000
13.333333 13.366667 13.400000 13.433333 13.466667 13.500000 13.533333 13.566667 13.600000 13.633333 13.666667 13.700000 13.733333 13.766667 13.800000 13.833333
13.866667 13.900000 13.933333 13.966667 14.000000 14.033333 14.066667 14.100000 14.133333 14.166667 14.200000 14.233333 14.266667 14.300000 14.333333 14.366667
14.400000 14.433333 14.466667 14.500000 14.533333 14.566667 14.600000 14.633333 14.666667 14.700000 14.733333 14.766667 14.800000 14.833333 14.866667 14.900000
14.933333 14.966667 15.000000 15.033333 15.066667 15.100000 15.133333 15.166667 15.200000 15.233333 15.266667</float_array>
        <technique_common>
          <accessor source="#mixamorig_Hips-Matrix-animation-input-array" count="459">
            <param name="TIME" type="float"/>
          </accessor>
        </technique_common>
      </source>
      <source id="mixamorig_Hips-Matrix-animation-output-transform">
        <float_array id="mixamorig_Hips-Matrix-animation-output-transform-array" count="7344">

0.923270 -0.353417 -0.150562 0.153340 0.319759 0.924236 -0.208668 91.057709 0.212901 0.144513 0.966328 1.228010 0.000000 0.000000 0.000000 1.000000
0.925257 -0.369977 -0.083768 0.130347 0.340535 0.907396 -0.246310 90.013641 0.167140 0.199374 0.965564 0.737724 0.000000 0.000000 0.000000 1.000000
0.926284 -0.376708 -0.009459 -0.081161 0.360037 0.892143 -0.272862 88.631607 0.111228 0.249342 0.962007 0.438206 0.000000 0.000000 0.000000 1.000000
0.924824 -0.376270 0.055880 -0.428422 0.376129 0.882586 -0.282079 87.027710 0.056819 0.281892 0.957762 0.322677 0.000000 0.000000 0.000000 1.000000
0.926708 -0.359166 0.110511 -1.023335 0.375763 0.882696 -0.282224 85.315765 0.003818 0.303065 0.952962 0.322712 0.000000 0.000000 0.000000 1.000000
0.930981 -0.330522 0.155017 -1.827774 0.362057 0.890357 -0.276007 83.568420 -0.046794 0.313082 0.948572 0.414893 0.000000 0.000000 0.000000 1.000000
0.936227 -0.299026 0.184559 -2.889217 0.339491 0.905260 -0.255440 82.001923 -0.090691 0.301806 0.949046 0.563419 0.000000 0.000000 0.000000 1.000000
0.943497 -0.268342 0.194438 -4.082591 0.307830 0.926963 -0.214431 80.770653 -0.122697 0.262169 0.957190 0.732791 0.000000 0.000000 0.000000 1.000000
0.955260 -0.226315 0.190419 -5.283518 0.258127 0.952228 -0.163191 79.819572 -0.144389 0.205042 0.968044 0.887200 0.000000 0.000000 0.000000 1.000000
0.970508 -0.151838 0.187243 -6.330395 0.176549 0.976554 -0.123179 79.037216 -0.164150 0.152604 0.974560 0.978928 0.000000 0.000000 0.000000 1.000000
0.980848 -0.035386 0.191533 -7.116931 0.056767 0.992602 -0.107324 78.447205 -0.186318 0.116141 0.975601 0.969381 0.000000 0.000000 0.000000 1.000000
0.975317 0.106056 0.193670 -7.622432 -0.085232 0.989946 -0.112882 78.179749 -0.203695 0.093589 0.974551 0.878604 0.000000 0.000000 0.000000 1.000000
0.953022 0.243129 0.180658 -7.870522 -0.221394 0.966163 -0.132340 78.230789 -0.206720 0.086126 0.974602 0.747661 0.000000 0.000000 0.000000 1.000000
0.923208 0.354589 0.148166 -7.923329 -0.331217 0.929692 -0.161147 78.484222 -0.194889 0.099697 0.975745 0.625979 0.000000 0.000000 0.000000 1.000000
0.895452 0.433724 0.100249 -7.845256 -0.409958 0.891230 -0.194017 78.896927 -0.173494 0.132635 0.975863 0.539698 0.000000 0.000000 0.000000 1.000000
0.875759 0.480655 0.044910 -7.622464 -0.459891 0.858962 -0.225131 79.398827 -0.146786 0.176507 0.973293 0.447625 0.000000 0.000000 0.000000 1.000000
0.866081 0.499755 -0.012204 -7.156955 -0.486325 0.836653 -0.251991 79.821281 -0.115723 0.224180 0.967653 0.265467 0.000000 0.000000 0.000000 1.000000
0.865077 0.496621 -0.070782 -6.386344 -0.495576 0.824199 -0.274045 79.970222 -0.077758 0.272148 0.959109 -0.018004 0.000000 0.000000 0.000000 1.000000
0.868689 0.476938 -0.133829 -5.374659 -0.494509 0.819135 -0.290652 79.749733 -0.028999 0.318665 0.947424 -0.322688 0.000000 0.000000 0.000000 1.000000
0.871283 0.446777 -0.203114 -4.293075 -0.489835 0.817308 -0.303430 79.157944 0.030441 0.363866 0.930954 -0.571527 0.000000 0.000000 0.000000 1.000000
0.869796 0.408870 -0.276189 -3.276686 -0.483985 0.815887 -0.316365 78.211914 0.095987 0.408844 0.907542 -0.745680 0.000000 0.000000 0.000000 1.000000
0.865484 0.359744 -0.348600 -2.339915 -0.472853 0.816430 -0.331440 76.922287 0.165374 0.451693 0.876713 -0.846423 0.000000 0.000000 0.000000 1.000000
0.861399 0.295018 -0.413468 -1.436944 -0.448696 0.823471 -0.347228 75.370865 0.238041 0.484624 0.841711 -0.864729 0.000000 0.000000 0.000000 1.000000
0.862361 0.214408 -0.458654 -0.522794 -0.402127 0.840473 -0.363181 73.771942 0.307617 0.497629 0.811010 -0.822220 0.000000 0.000000 0.000000 1.000000
0.872429 0.117335 -0.474448 0.409574 -0.323921 0.865742 -0.381532 72.362358 0.365982 0.486543 0.793305 -0.766558 0.000000 0.000000 0.000000 1.000000
0.885580 0.005362 -0.464457 1.242231 -0.215184 0.890893 -0.400006 71.062416 0.411636 0.454181 0.790111 -0.638155 0.000000 0.000000 0.000000 1.000000
0.889728 -0.110615 -0.442886 1.864096 -0.092269 0.906593 -0.411794 70.072853 0.447068 0.407250 0.796416 -0.399975 0.000000 0.000000 0.000000 1.000000
0.880790 -0.216886 -0.420915 2.280568 0.025587 0.909433 -0.415063 69.469254 0.472815 0.354813 0.806569 -0.079178 0.000000 0.000000 0.000000 1.000000
0.865268 -0.306288 -0.396862 2.549813 0.130283 0.901838 -0.411964 69.245682 0.484085 0.304755 0.820235 0.260241 0.000000 0.000000 0.000000 1.000000
0.852783 -0.375199 -0.363301 2.624471 0.220737 0.889374 -0.400361 69.331177 0.473325 0.261227 0.841263 0.598342 0.000000 0.000000 0.000000 1.000000
0.848781 -0.420830 -0.320114 2.390275 0.294541 0.879107 -0.374723 69.556473 0.439109 0.223771 0.870121 0.967470 0.000000 0.000000 0.000000 1.000000
0.853143 -0.442485 -0.276323 1.819604 0.347737 0.877200 -0.331056 69.757729 0.388878 0.186350 0.902246 1.379073 0.000000 0.000000 0.000000 1.000000
0.865572 -0.439371 -0.240289 1.003162 0.375764 0.887015 -0.268339 69.817215 0.331040 0.141975 0.932875 1.773590 0.000000 0.000000 0.000000 1.000000
0.888201 -0.409493 -0.208361 0.075269 0.373363 0.907578 -0.192099 69.626701 0.267767 0.092829 0.959001 2.042664 0.000000 0.000000 0.000000 1.000000
0.922114 -0.349850 -0.165259 -0.849501 0.332881 0.935038 -0.122043 69.128220 0.197220 0.057526 0.978670 2.096612 0.000000 0.000000 0.000000 1.000000
0.960942 -0.257971 -0.100206 -1.675965 0.249380 0.964154 -0.090651 68.514488 0.119999 0.062121 0.990829 1.852473 0.000000 0.000000 0.000000 1.000000
0.990100 -0.138339 -0.023736 -2.389952 0.134393 0.983135 -0.124035 67.679573 0.040495 0.119617 0.991994 1.188042 0.000000 0.000000 0.000000 1.000000
0.999253 -0.009342 0.037509 -2.962460 0.017434 0.974983 -0.221596 67.500671 -0.034501 0.222085 0.974417 -0.107810 0.000000 0.000000 0.000000 1.000000
0.992290 0.106716 0.063028 -3.455625 -0.077313 0.930443 -0.358187 68.128845 -0.096868 0.350553 0.931520 -1.950737 0.000000 0.000000 0.000000 1.000000
0.979319 0.196177 0.049489 -3.882861 -0.145414 0.852550 -0.502009 69.362587 -0.140674 0.484431 0.863445 -3.872201 0.000000 0.000000 0.000000 1.000000
0.966795 0.255339 0.010437 -4.193870 -0.192804 0.755607 -0.626007 71.102592 -0.167731 0.603208 0.779748 -5.393582 0.000000 0.000000 0.000000 1.000000
0.957827 0.285762 -0.030134 -4.339473 -0.220776 0.664745 -0.713703 73.340813 -0.183918 0.690257 0.699800 -6.373201 0.000000 0.000000 0.000000 1.000000
0.954441 0.293164 -0.055658 -4.346684 -0.229613 0.602407 -0.764450 75.807076 -0.190581 0.742402 0.642276 -6.933327 0.000000 0.000000 0.000000 1.000000
0.955119 0.288046 -0.069110 -4.290237 -0.228506 0.567985 -0.790682 78.377518 -0.188500 0.770988 0.608313 -7.250770 0.000000 0.000000 0.000000 1.000000
0.955705 0.282768 -0.081667 -4.173823 -0.229842 0.543697 -0.807197 80.997124 -0.183847 0.790213 0.584606 -7.384129 0.000000 0.000000 0.000000 1.000000
0.954256 0.283103 -0.096168 -3.945699 -0.236393 0.517440 -0.822419 83.538063 -0.183068 0.807532 0.560694 -7.352142 0.000000 0.000000 0.000000 1.000000
0.952561 0.284976 -0.106846 -3.598915 -0.240412 0.489285 -0.838333 85.885246 -0.186627 0.824250 0.534586 -7.206960 0.000000 0.000000 0.000000 1.000000
0.953205 0.281901 -0.109236 -3.193987 -0.235102 0.464013 -0.854060 87.968575 -0.190074 0.839776 0.508575 -7.003849 0.000000 0.000000 0.000000 1.000000
0.956358 0.272442 -0.105613 -2.810244 -0.222804 0.446092 -0.866810 89.758667 -0.189042 0.852512 0.487325 -6.766844 0.000000 0.000000 0.000000 1.000000
0.959969 0.260493 -0.102973 -2.514589 -0.212559 0.438044 -0.873462 91.288071 -0.182424 0.860384 0.475879 -6.483982 0.000000 0.000000 0.000000 1.000000
0.962654 0.249296 -0.105589 -2.319717 -0.209405 0.438421 -0.874034 92.603783 -0.171601 0.863503 0.474252 -6.139420 0.000000 0.000000 0.000000 1.000000
0.964958 0.237542 -0.111491 -2.158391 -0.209780 0.443107 -0.871578 93.698090 -0.157634 0.864425 0.477411 -5.738431 0.000000 0.000000 0.000000 1.000000
0.968043 0.221900 -0.116851 -1.967843 -0.207907 0.449528 -0.868734 94.543259 -0.140244 0.865266 0.481297 -5.297069 0.000000 0.000000 0.000000 1.000000
0.972220 0.200768 -0.120337 -1.736587 -0.201762 0.458172 -0.865662 95.184586 -0.118662 0.865893 0.485951 -4.840819 0.000000 0.000000 0.000000 1.000000
0.977476 0.173732 -0.119828 -1.506217 -0.189294 0.470638 -0.861782 95.694656 -0.093323 0.865053 0.492923 -4.394611 0.000000 0.000000 0.000000 1.000000
0.983441 0.140806 -0.114091 -1.308440 -0.169083 0.486327 -0.857261 96.143898 -0.065222 0.862357 0.502082 -3.978227 0.000000 0.000000 0.000000 1.000000
0.989149 0.102439 -0.105313 -1.159634 -0.142821 0.502391 -0.852763 96.548035 -0.034448 0.858551 0.511570 -3.582782 0.000000 0.000000 0.000000 1.000000
0.993431 0.058759 -0.098191 -1.054252 -0.114425 0.517526 -0.847982 96.885254 0.000989 0.853648 0.520850 -3.191782 0.000000 0.000000 0.000000 1.000000
0.995588 0.006938 -0.093570 -0.958210 -0.082801 0.534024 -0.841405 97.095680 0.044131 0.845441 0.532243 -2.815105 0.000000 0.000000 0.000000 1.000000
0.994773 -0.057081 -0.084667 -0.862473 -0.038832 0.555390 -0.830683 97.040298 0.094439 0.829628 0.550271 -2.476274 0.000000 0.000000 0.000000 1.000000
0.989495 -0.129855 -0.063543 -0.894572 0.024450 0.583516 -0.811733 96.438889 0.142486 0.801652 0.580561 -2.190232 0.000000 0.000000 0.000000 1.000000
0.980732 -0.192113 -0.035446 -1.214866 0.093278 0.619929 -0.779094 95.061584 0.171648 0.760777 0.625904 -1.976088 0.000000 0.000000 0.000000 1.000000
0.976607 -0.214029 -0.020724 -1.774224 0.131527 0.670828 -0.729857 93.026192 0.170113 0.710058 0.683286 -1.811347 0.000000 0.000000 0.000000 1.000000
0.984543 -0.170772 -0.038895 -2.393569 0.102173 0.740375 -0.664383 90.998322 0.142255 0.650140 0.746379 -1.537458 0.000000 0.000000 0.000000 1.000000
0.994224 -0.056962 -0.090960 -2.945016 -0.007168 0.810390 -0.585847 89.697205 0.107085 0.583115 0.805301 -1.012869 0.000000 0.000000 0.000000 1.000000
0.984170 0.089921 -0.152721 -3.369261 -0.155888 0.849167 -0.504593 89.453163 0.084312 0.520413 0.849742 -0.255750 0.000000 0.000000 0.000000 1.000000
0.958250 0.205414 -0.198901 -3.647325 -0.274017 0.858440 -0.433585 90.106705 0.081680 0.469985 0.878887 0.626966 0.000000 0.000000 0.000000 1.000000
0.945239 0.244764 -0.215904 -3.740318 -0.311876 0.872377 -0.376419 91.271469 0.096216 0.423141 0.900941 1.580743 0.000000 0.000000 0.000000 1.000000
0.958465 0.196595 -0.206630 -3.608990 -0.257141 0.909062 -0.327849 92.559082 0.123386 0.367365 0.921856 2.644037 0.000000 0.000000 0.000000 1.000000
0.977593 0.084355 -0.192865 -3.336625 -0.136596 0.951318 -0.276290 93.854721 0.160169 0.296443 0.941524 3.861973 0.000000 0.000000 0.000000 1.000000
0.979782 -0.037557 -0.196512 -3.150384 -0.005955 0.976313 -0.216282 95.168198 0.199980 0.213079 0.956350 5.211273 0.000000 0.000000 0.000000 1.000000
0.969678 -0.113322 -0.216524 -3.196786 0.080376 0.984584 -0.155349 96.367729 0.230791 0.133235 0.963838 6.564075 0.000000 0.000000 0.000000 1.000000
0.965207 -0.125476 -0.229415 -3.450957 0.103438 0.989000 -0.105732 97.284309 0.240158 0.078323 0.967569 7.782272 0.000000 0.000000 0.000000 1.000000
0.972611 -0.090457 -0.214115 -3.804166 0.075506 0.994166 -0.077019 97.910927 0.219833 0.058743 0.973767 8.777835 0.000000 0.000000 0.000000 1.000000
0.985029 -0.033512 -0.169102 -4.184373 0.022063 0.997363 -0.069136 98.378021 0.170973 0.064370 0.983171 9.530828 0.000000 0.000000 0.000000 1.000000
0.993819 0.024494 -0.108278 -4.566356 -0.032317 0.996946 -0.071093 98.801514 0.106206 0.074153 0.991575 10.102953 0.000000 0.000000 0.000000 1.000000
0.996314 0.069922 -0.049695 -4.913653 -0.073334 0.994810 -0.070539 99.263664 0.044505 0.073924 0.996270 10.620853 0.000000 0.000000 0.000000 1.000000
0.995140 0.097981 -0.009843 -5.185713 -0.098405 0.993206 -0.062118 99.791969 0.003690 0.062785 0.998020 11.192739 0.000000 0.000000 0.000000 1.000000
0.993529 0.113578 0.000706 -5.360019 -0.113412 0.992376 -0.048252 100.371490 -0.006181 0.047859 0.998835 11.838977 0.000000 0.000000 0.000000 1.000000
0.991958 0.125529 -0.016186 -5.425047 -0.126039 0.991383 -0.035707 100.900894 0.011565 0.037460 0.999231 12.490637 0.000000 0.000000 0.000000 1.000000
0.989048 0.139865 -0.047145 -5.375593 -0.141343 0.989518 -0.029610 101.187927 0.042510 0.035949 0.998449 13.026570 0.000000 0.000000 0.000000 1.000000
0.984212 0.157552 -0.080646 -5.224646 -0.160056 0.986777 -0.025557 101.058044 0.075553 0.038062 0.996415 13.292304 0.000000 0.000000 0.000000 1.000000
0.978039 0.172828 -0.116491 -4.993855 -0.175193 0.984480 -0.010306 100.520210 0.112902 0.030488 0.993138 13.127273 0.000000 0.000000 0.000000 1.000000
0.971190 0.175114 -0.161631 -4.662942 -0.173684 0.984532 0.023046 99.798729 0.163166 0.005690 0.986582 12.449805 0.000000 0.000000 0.000000 1.000000
0.962122 0.158570 -0.221760 -4.181384 -0.147781 0.986912 0.064533 99.128647 0.229091 -0.029316 0.972963 11.361260 0.000000 0.000000 0.000000 1.000000
0.947401 0.127543 -0.293537 -3.566458 -0.102787 0.989831 0.098337 98.570854 0.303094 -0.062993 0.950876 10.133524 0.000000 0.000000 0.000000 1.000000
0.927993 0.088673 -0.361893 -2.931807 -0.049841 0.992082 0.115279 98.173187 0.369250 -0.088941 0.925064 9.072648 0.000000 0.000000 0.000000 1.000000
0.912660 0.040916 -0.406667 -2.362010 0.005013 0.993781 0.111237 97.962379 0.408690 -0.103560 0.906779 8.334591 0.000000 0.000000 0.000000 1.000000
0.910872 -0.021257 -0.412141 -1.903109 0.062146 0.994350 0.086063 97.879593 0.407983 -0.104006 0.907046 7.825879 0.000000 0.000000 0.000000 1.000000
0.923389 -0.086881 -0.373903 -1.589313 0.113102 0.992388 0.048724 97.907516 0.366824 -0.087281 0.926187 7.362500 0.000000 0.000000 0.000000 1.000000
0.942052 -0.135927 -0.306694 -1.453463 0.147476 0.988957 0.014687 98.152756 0.301310 -0.059066 0.951695 6.886530 0.000000 0.000000 0.000000 1.000000
0.958026 -0.160669 -0.237425 -1.524431 0.163703 0.986485 -0.007015 98.583687 0.235344 -0.032146 0.971380 6.452324 0.000000 0.000000 0.000000 1.000000
0.968142 -0.170587 -0.183309 -1.776739 0.170125 0.985251 -0.018360 98.912872 0.183737 -0.013410 0.982884 6.079821 0.000000 0.000000 0.000000 1.000000
0.973628 -0.179828 -0.140396 -2.159724 0.178242 0.983696 -0.023898 98.924370 0.142404 -0.001757 0.989807 5.758835 0.000000 0.000000 0.000000 1.000000
0.975793 -0.197767 -0.093365 -2.668416 0.196219 0.980227 -0.025569 98.674179 0.096576 0.006630 0.995304 5.512373 0.000000 0.000000 0.000000 1.000000
0.973918 -0.224288 -0.034338 -3.351504 0.223459 0.974356 -0.026394 98.327057 0.039377 0.018032 0.999062 5.343970 0.000000 0.000000 0.000000 1.000000
0.967148 -0.252383 0.030464 -4.292484 0.253312 0.966859 -0.031882 97.880241 -0.021408 0.038551 0.999027 5.186369 0.000000 0.000000 0.000000 1.000000
0.957022 -0.276117 0.088702 -5.514529 0.280687 0.958801 -0.043768 97.255615 -0.072962 0.066784 0.995096 4.975503 0.000000 0.000000 0.000000 1.000000
0.945687 -0.297694 0.130595 -6.944103 0.306761 0.950170 -0.055440 96.486069 -0.107584 0.092491 0.989884 4.776419 0.000000 0.000000 0.000000 1.000000
0.933399 -0.325319 0.151439 -8.555864 0.337023 0.939667 -0.058671 95.636650 -0.123215 0.105802 0.986724 4.721226 0.000000 0.000000 0.000000 1.000000
0.920315 -0.359940 0.153179 -10.475260 0.371467 0.926885 -0.053820 94.634399 -0.122608 0.106433 0.986732 4.824542 0.000000 0.000000 0.000000 1.000000
0.910268 -0.387861 0.144832 -12.828110 0.397681 0.916405 -0.045286 93.361740 -0.115160 0.098819 0.988419 4.966030 0.000000 0.000000 0.000000 1.000000
0.909653 -0.392547 0.135785 -15.503866 0.399287 0.916473 -0.025442 91.908600 -0.114456 0.077361 0.990412 5.098908 0.000000 0.000000 0.000000 1.000000
0.920662 -0.366779 0.133623 -18.182941 0.367184 0.929876 0.022498 90.689903 -0.132505 0.028352 0.990777 5.333856 0.000000 0.000000 0.000000 1.000000
0.937729 -0.313032 0.150586 -20.682861 0.300313 0.948431 0.101446 90.097382 -0.174577 -0.049906 0.983378 5.735724 0.000000 0.000000 0.000000 1.000000
0.952356 -0.232706 0.197147 -23.054905 0.196503 0.962527 0.186893 90.198715 -0.233250 -0.139249 0.962395 6.202206 0.000000 0.000000 0.000000 1.000000
0.956308 -0.126047 0.263795 -25.369791 0.060848 0.968339 0.242109 90.670090 -0.285960 -0.215480 0.933700 6.619678 0.000000 0.000000 0.000000 1.000000
0.946812 -0.013095 0.321520 -27.606421 -0.071154 0.965918 0.248876 91.171616 -0.313821 -0.258517 0.913611 6.976075 0.000000 0.000000 0.000000 1.000000
0.933878 0.073102 0.350040 -29.561714 -0.157170 0.963171 0.218170 91.660614 -0.321199 -0.258760 0.910974 7.218928 0.000000 0.000000 0.000000 1.000000
0.928157 0.119405 0.352514 -30.990793 -0.190160 0.966325 0.173365 92.324127 -0.319943 -0.227944 0.919608 7.288316 0.000000 0.000000 0.000000 1.000000
0.931069 0.137980 0.337746 -31.892662 -0.192543 0.972147 0.133632 93.129440 -0.309900 -0.189452 0.931703 7.259912 0.000000 0.000000 0.000000 1.000000
0.939439 0.150109 0.308094 -32.439964 -0.189798 0.976405 0.103008 94.006340 -0.285362 -0.155245 0.945763 7.252790 0.000000 0.000000 0.000000 1.000000
0.949400 0.166119 0.266542 -32.774582 -0.192180 0.978514 0.074682 94.960968 -0.248409 -0.122127 0.960926 7.302075 0.000000 0.000000 0.000000 1.000000
0.957259 0.183394 0.223654 -32.923447 -0.197816 0.979265 0.043682 95.913574 -0.211006 -0.086057 0.973689 7.406389 0.000000 0.000000 0.000000 1.000000
0.961778 0.196789 0.190412 -32.881302 -0.202267 0.979284 0.009576 96.780106 -0.184583 -0.047724 0.981658 7.558701 0.000000 0.000000 0.000000 1.000000
0.964245 0.205163 0.167749 -32.642742 -0.203635 0.978690 -0.026450 97.515671 -0.169601 -0.008656 0.985475 7.758851 0.000000 0.000000 0.000000 1.000000
0.966790 0.209314 0.146645 -32.196571 -0.202280 0.977394 -0.061512 98.139984 -0.156205 0.029806 0.987275 8.014222 0.000000 0.000000 0.000000 1.000000
0.970850 0.208079 0.118969 -31.513132 -0.198082 0.975992 -0.090572 98.702019 -0.134959 0.064366 0.988758 8.325772 0.000000 0.000000 0.000000 1.000000
0.976116 0.199509 0.085984 -30.532473 -0.189550 0.975504 -0.111637 99.163849 -0.106151 0.092672 0.990022 8.675276 0.000000 0.000000 0.000000 1.000000
0.981602 0.182769 0.055254 -29.199240 -0.174512 0.976193 -0.128811 99.430328 -0.077482 0.116799 0.990129 9.029988 0.000000 0.000000 0.000000 1.000000
0.986885 0.158354 0.031339 -27.514826 -0.152290 0.977704 -0.144577 99.521820 -0.053535 0.137908 0.988997 9.370441 0.000000 0.000000 0.000000 1.000000
0.991732 0.127824 0.011321 -25.547150 -0.124572 0.980157 -0.154190 99.565010 -0.030805 0.151505 0.987976 9.688696 0.000000 0.000000 0.000000 1.000000
0.995607 0.093000 -0.010848 -23.404842 -0.093562 0.983730 -0.153365 99.630165 -0.003592 0.153707 0.988110 9.956528 0.000000 0.000000 0.000000 1.000000
0.997889 0.052836 -0.037751 -21.231964 -0.057833 0.987497 -0.146648 99.686722 0.029531 0.148522 0.988468 10.132592 0.000000 0.000000 0.000000 1.000000
0.997735 0.000479 -0.067262 -19.207642 -0.010120 0.989660 -0.143074 99.674591 0.066498 0.143431 0.987424 10.200161 0.000000 0.000000 0.000000 1.000000
0.992924 -0.070922 -0.095253 -17.505375 0.056657 0.987824 -0.144895 99.505463 0.104369 0.138473 0.984852 10.187161 0.000000 0.000000 0.000000 1.000000
0.980454 -0.157072 -0.118483 -16.261213 0.139744 0.979865 -0.142604 99.090675 0.138497 0.123259 0.982663 10.151524 0.000000 0.000000 0.000000 1.000000
0.961496 -0.238801 -0.136015 -15.535978 0.223091 0.967241 -0.121144 98.465462 0.160489 0.086136 0.983272 10.136913 0.000000 0.000000 0.000000 1.000000
0.945120 -0.293814 -0.142906 -15.340860 0.286077 0.955465 -0.072435 97.738304 0.157824 0.027578 0.987082 10.115911 0.000000 0.000000 0.000000 1.000000
0.942941 -0.309785 -0.122049 -15.698213 0.311936 0.950102 -0.001557 96.994080 0.116441 -0.036603 0.992523 10.013006 0.000000 0.000000 0.000000 1.000000
0.957583 -0.282891 -0.054837 -16.570496 0.286607 0.954741 0.079541 96.232475 0.029854 -0.091884 0.995322 9.778203 0.000000 0.000000 0.000000 1.000000
0.975316 -0.213833 0.055081 -17.731256 0.203158 0.966704 0.155595 95.447975 -0.086518 -0.140564 0.986284 9.458696 0.000000 0.000000 0.000000 1.000000
0.978084 -0.115950 0.172935 -19.005083 0.079498 0.975630 0.204515 94.861656 -0.192434 -0.186285 0.963466 9.173350 0.000000 0.000000 0.000000 1.000000
0.967695 -0.009192 0.251957 -20.411104 -0.045098 0.976907 0.208849 94.553276 -0.248058 -0.213465 0.944934 8.946253 0.000000 0.000000 0.000000 1.000000
0.959427 0.095034 0.265457 -21.842665 -0.144781 0.973936 0.174604 94.409355 -0.241945 -0.205953 0.948180 8.719069 0.000000 0.000000 0.000000 1.000000
0.958533 0.181198 0.219958 -23.123180 -0.212289 0.968929 0.126927 94.319443 -0.190124 -0.168358 0.967217 8.386081 0.000000 0.000000 0.000000 1.000000
0.959126 0.240882 0.148506 -24.031385 -0.255104 0.963140 0.085343 94.314583 -0.122475 -0.119739 0.985222 7.841541 0.000000 0.000000 0.000000 1.000000
0.956591 0.279360 0.083019 -24.422249 -0.284088 0.957400 0.051758 94.434151 -0.065024 -0.073096 0.995203 7.052564 0.000000 0.000000 0.000000 1.000000
0.950986 0.307398 0.033659 -24.274654 -0.308236 0.951024 0.023326 94.602867 -0.024840 -0.032558 0.999161 6.095993 0.000000 0.000000 0.000000 1.000000
0.943118 0.332319 -0.009643 -23.644281 -0.332292 0.943167 0.004329 94.626190 0.010534 -0.000879 0.999944 5.124984 0.000000 0.000000 0.000000 1.000000
0.933226 0.353778 -0.062694 -22.604311 -0.354419 0.935086 0.000966 94.386795 0.058966 0.021319 0.998032 4.279208 0.000000 0.000000 0.000000 1.000000
0.920767 0.366776 -0.132905 -21.216722 -0.368444 0.929563 0.012719 93.946220 0.128209 0.037257 0.991047 3.636829 0.000000 0.000000 0.000000 1.000000
0.904235 0.368790 -0.215298 -19.491547 -0.370456 0.928224 0.034092 93.388000 0.212418 0.048931 0.975953 3.209208 0.000000 0.000000 0.000000 1.000000
0.883443 0.362208 -0.297209 -17.412245 -0.361168 0.930537 0.060483 92.798256 0.298472 0.053909 0.952895 2.946825 0.000000 0.000000 0.000000 1.000000
0.862262 0.349002 -0.367017 -14.998182 -0.341041 0.935856 0.088684 92.248436 0.374426 0.048700 0.925977 2.807279 0.000000 0.000000 0.000000 1.000000
0.847034 0.324318 -0.421132 -12.326524 -0.305039 0.945426 0.114547 91.832558 0.435299 0.031436 0.899737 2.762131 0.000000 0.000000 0.000000 1.000000
0.841785 0.277193 -0.463209 -9.545199 -0.243204 0.960814 0.132999 91.635429 0.481924 0.000698 0.876213 2.761685 0.000000 0.000000 0.000000 1.000000
0.843352 0.200049 -0.498736 -6.851049 -0.149521 0.978828 0.139782 91.700874 0.516140 -0.043314 0.855408 2.728077 0.000000 0.000000 0.000000 1.000000
0.843154 0.099897 -0.528310 -4.408639 -0.033741 0.990482 0.133440 92.008911 0.536612 -0.094685 0.838500 2.636712 0.000000 0.000000 0.000000 1.000000
0.838786 0.002357 -0.544457 -2.236538 0.073671 0.990303 0.117785 92.467957 0.539454 -0.138907 0.830478 2.547443 0.000000 0.000000 0.000000 1.000000
0.840227 -0.066836 -0.538100 -0.300339 0.142299 0.984772 0.099880 92.973343 0.523231 -0.160493 0.836942 2.535141 0.000000 0.000000 0.000000 1.000000
0.856110 -0.101806 -0.506666 1.331354 0.166450 0.982479 0.083837 93.553703 0.489254 -0.156108 0.858056 2.609216 0.000000 0.000000 0.000000 1.000000
0.883233 -0.114070 -0.454848 2.552424 0.163423 0.984030 0.070554 94.314178 0.439536 -0.136648 0.887770 2.701300 0.000000 0.000000 0.000000 1.000000
0.912647 -0.118717 -0.391130 3.340289 0.154210 0.986184 0.060498 95.228912 0.378544 -0.115529 0.918345 2.754190 0.000000 0.000000 0.000000 1.000000
0.937912 -0.123708 -0.324063 3.757524 0.148819 0.987401 0.053785 96.154449 0.313327 -0.098672 0.944505 2.811183 0.000000 0.000000 0.000000 1.000000
0.957103 -0.129280 -0.259309 3.891781 0.146812 0.987933 0.049337 97.004974 0.249802 -0.085290 0.964533 2.943651 0.000000 0.000000 0.000000 1.000000
0.970923 -0.133353 -0.198809 3.819731 0.145027 0.988391 0.045292 97.760277 0.190461 -0.072808 0.978991 3.157290 0.000000 0.000000 0.000000 1.000000
0.980550 -0.136163 -0.141358 3.588231 0.143113 0.988891 0.040175 98.345863 0.134317 -0.059624 0.989143 3.416816 0.000000 0.000000 0.000000 1.000000
0.986672 -0.139823 -0.083229 3.257382 0.142973 0.989171 0.033149 98.698547 0.077692 -0.044607 0.995979 3.685082 0.000000 0.000000 0.000000 1.000000
0.989203 -0.145054 -0.020898 2.912349 0.145542 0.989059 0.024083 98.854568 0.017176 -0.026865 0.999492 3.946364 0.000000 0.000000 0.000000 1.000000
0.987723 -0.149740 0.044517 2.603679 0.149256 0.988699 0.014028 98.936470 -0.046115 -0.007212 0.998910 4.204060 0.000000 0.000000 0.000000 1.000000
0.982595 -0.151893 0.106940 2.331609 0.152336 0.988320 0.004060 99.036621 -0.106307 0.012302 0.994257 4.454791 0.000000 0.000000 0.000000 1.000000
0.975031 -0.153575 0.160400 2.077388 0.156580 0.987646 -0.006184 99.124619 -0.157469 0.031145 0.987033 4.679654 0.000000 0.000000 0.000000 1.000000
0.966234 -0.159796 0.202132 1.836257 0.166836 0.985817 -0.018169 99.104012 -0.196362 0.051279 0.979190 4.864017 0.000000 0.000000 0.000000 1.000000
0.957245 -0.174885 0.230427 1.577525 0.187309 0.981746 -0.033017 98.885674 -0.220447 0.074766 0.972529 5.019063 0.000000 0.000000 0.000000 1.000000
0.949215 -0.199544 0.243253 1.209626 0.217739 0.974721 -0.050079 98.412476 -0.227111 0.100502 0.968669 5.179932 0.000000 0.000000 0.000000 1.000000
0.942386 -0.232431 0.240594 0.600653 0.254940 0.964657 -0.066651 97.671669 -0.216599 0.124148 0.968335 5.391626 0.000000 0.000000 0.000000 1.000000
0.934726 -0.273093 0.227393 -0.363884 0.296889 0.951774 -0.077343 96.707146 -0.195305 0.139805 0.970727 5.706262 0.000000 0.000000 0.000000 1.000000
0.923673 -0.316990 0.215281 -1.671765 0.338728 0.938127 -0.071985 95.722412 -0.179143 0.139412 0.973895 6.151129 0.000000 0.000000 0.000000 1.000000
0.909823 -0.351257 0.220999 -3.227375 0.367731 0.929194 -0.037035 94.972641 -0.192342 0.114963 0.974571 6.701565 0.000000 0.000000 0.000000 1.000000
0.896321 -0.358854 0.260447 -4.892359 0.362980 0.931182 0.033833 94.645897 -0.254665 0.064212 0.964895 7.315464 0.000000 0.000000 0.000000 1.000000
0.880685 -0.330593 0.339267 -6.575541 0.305442 0.943740 0.126730 94.630257 -0.362075 -0.007983 0.932115 7.943832 0.000000 0.000000 0.000000 1.000000
0.855290 -0.270593 0.441880 -8.245250 0.195332 0.958267 0.208733 94.758301 -0.479921 -0.092214 0.872452 8.537087 0.000000 0.000000 0.000000 1.000000
0.822701 -0.196742 0.533344 -9.965567 0.068605 0.965706 0.250409 94.946198 -0.564320 -0.169421 0.807985 9.097309 0.000000 0.000000 0.000000 1.000000
0.804167 -0.128376 0.580375 -11.760403 -0.024391 0.968450 0.248012 95.190468 -0.593903 -0.213599 0.775664 9.697404 0.000000 0.000000 0.000000 1.000000
0.818253 -0.075869 0.569830 -13.530716 -0.061719 0.973928 0.218299 95.490753 -0.571536 -0.213793 0.792237 10.393165 0.000000 0.000000 0.000000 1.000000
0.857833 -0.037737 0.512542 -15.178123 -0.064360 0.981561 0.179987 95.787834 -0.509883 -0.187386 0.839587 11.078000 0.000000 0.000000 0.000000 1.000000
0.899273 0.000911 0.437388 -16.694199 -0.070695 0.987152 0.143293 96.004356 -0.431638 -0.159781 0.887783 11.537999 0.000000 0.000000 0.000000 1.000000
0.926822 0.050433 0.372099 -18.087484 -0.098637 0.988839 0.111659 96.153282 -0.362314 -0.140190 0.921453 11.613228 0.000000 0.000000 0.000000 1.000000
0.939183 0.105525 0.326803 -19.237192 -0.140519 0.986395 0.085321 96.217842 -0.313353 -0.126054 0.941233 11.309923 0.000000 0.000000 0.000000 1.000000
0.942547 0.159332 0.293629 -19.988932 -0.184174 0.981133 0.058804 96.065994 -0.278720 -0.109504 0.954109 10.755902 0.000000 0.000000 0.000000 1.000000
0.944223 0.208753 0.254688 -20.376238 -0.222793 0.974485 0.027244 95.640465 -0.242502 -0.082466 0.966640 10.117613 0.000000 0.000000 0.000000 1.000000
0.948258 0.250922 0.194536 -20.545740 -0.255187 0.966886 -0.003240 95.133636 -0.188907 -0.046571 0.980890 9.523656 0.000000 0.000000 0.000000 1.000000
0.952752 0.282521 0.111561 -20.584076 -0.281846 0.959205 -0.022103 94.715881 -0.113255 -0.010384 0.993512 9.019404 0.000000 0.000000 0.000000 1.000000
0.951960 0.305722 0.017486 -20.464075 -0.305164 0.951866 -0.028726 94.297379 -0.025427 0.022010 0.999434 8.592457 0.000000 0.000000 0.000000 1.000000
0.942766 0.324641 -0.076164 -20.162706 -0.327695 0.944261 -0.031433 93.650742 0.061714 0.054592 0.996600 8.205998 0.000000 0.000000 0.000000 1.000000
0.925556 0.339625 -0.167332 -19.700134 -0.349833 0.936161 -0.034936 92.561287 0.144784 0.090874 0.985281 7.778631 0.000000 0.000000 0.000000 1.000000
0.901487 0.345753 -0.260340 -19.093287 -0.366799 0.929622 -0.035511 90.897362 0.229739 0.127505 0.964864 7.211045 0.000000 0.000000 0.000000 1.000000
0.873061 0.331672 -0.357432 -18.263578 -0.365633 0.930280 -0.029859 88.689499 0.322609 0.156758 0.933462 6.488720 0.000000 0.000000 0.000000 1.000000
0.845849 0.280867 -0.453489 -17.008663 -0.326486 0.944904 -0.023739 86.235878 0.421836 0.168138 0.890945 5.767097 0.000000 0.000000 0.000000 1.000000
0.822310 0.182994 -0.538813 -15.198311 -0.235442 0.971444 -0.029394 84.009354 0.518047 0.151030 0.841913 5.313460 0.000000 0.000000 0.000000 1.000000
0.794463 0.047831 -0.605426 -13.063847 -0.102472 0.993158 -0.056005 82.403465 0.598605 0.106533 0.793929 5.289894 0.000000 0.000000 0.000000 1.000000
0.755718 -0.089756 -0.648718 -11.066040 0.032856 0.994512 -0.099325 81.690193 0.654073 0.053748 0.754520 5.553358 0.000000 0.000000 0.000000 1.000000
0.719218 -0.192094 -0.667701 -9.518985 0.130081 0.981256 -0.142185 81.877335 0.682499 0.015407 0.730725 5.813316 0.000000 0.000000 0.000000 1.000000
0.707654 -0.247363 -0.661844 -8.485569 0.179054 0.968920 -0.170685 82.662926 0.683495 0.002280 0.729952 5.878848 0.000000 0.000000 0.000000 1.000000
0.729605 -0.268776 -0.628836 -7.848747 0.195434 0.963128 -0.184907 83.762756 0.655348 0.012013 0.755231 5.658521 0.000000 0.000000 0.000000 1.000000
0.772080 -0.276807 -0.572076 -7.444580 0.199859 0.960246 -0.194896 85.053452 0.603282 0.036141 0.796708 5.180193 0.000000 0.000000 0.000000 1.000000
0.814590 -0.287555 -0.503741 -7.168961 0.207244 0.955426 -0.210264 86.451332 0.541750 0.066882 0.837874 4.645300 0.000000 0.000000 0.000000 1.000000
0.846524 -0.306637 -0.435168 -6.979680 0.222734 0.946468 -0.233640 87.721909 0.483515 0.100855 0.869506 4.231618 0.000000 0.000000 0.000000 1.000000
0.868950 -0.328939 -0.369763 -6.883600 0.242549 0.934322 -0.261174 88.654564 0.431388 0.137262 0.891663 3.932092 0.000000 0.000000 0.000000 1.000000
0.886966 -0.345285 -0.306709 -6.954594 0.260057 0.922218 -0.286154 89.154472 0.381657 0.174047 0.907770 3.660128 0.000000 0.000000 0.000000 1.000000
0.903798 -0.351670 -0.243881 -7.248572 0.273600 0.913005 -0.302597 89.235840 0.329079 0.206761 0.921389 3.410154 0.000000 0.000000 0.000000 1.000000
0.918917 -0.352676 -0.176665 -7.704853 0.289374 0.907099 -0.305669 88.991592 0.268055 0.229762 0.935605 3.264568 0.000000 0.000000 0.000000 1.000000
0.929169 -0.355421 -0.101589 -8.206314 0.313985 0.903886 -0.290523 88.427788 0.195083 0.238048 0.951460 3.308437 0.000000 0.000000 0.000000 1.000000
0.933108 -0.358788 -0.024091 -8.734794 0.341128 0.904391 -0.256335 87.366516 0.113758 0.230970 0.966288 3.518414 0.000000 0.000000 0.000000 1.000000
0.935262 -0.351172 0.044313 -9.398699 0.352327 0.911634 -0.211636 85.529961 0.033923 0.213548 0.976343 3.760836 0.000000 0.000000 0.000000 1.000000
0.942954 -0.317415 0.100429 -10.252786 0.330412 0.929229 -0.165411 82.912231 -0.040818 0.189158 0.981098 3.914825 0.000000 0.000000 0.000000 1.000000
0.956487 -0.247953 0.153789 -11.210664 0.266584 0.956902 -0.115205 79.887230 -0.118596 0.151190 0.981365 3.987627 0.000000 0.000000 0.000000 1.000000
0.965611 -0.143463 0.216827 -12.148582 0.159653 0.985408 -0.059001 77.385635 -0.205199 0.091589 0.974425 4.045711 0.000000 0.000000 0.000000 1.000000
0.956102 -0.017335 0.292520 -13.006030 0.021456 0.999711 -0.010884 75.869698 -0.292247 0.016682 0.956197 4.080863 0.000000 0.000000 0.000000 1.000000
0.924834 0.105673 0.365397 -13.716802 -0.117607 0.993005 0.010491 75.226341 -0.361733 -0.052676 0.930792 3.965582 0.000000 0.000000 0.000000 1.000000
0.888566 0.206232 0.409779 -14.256639 -0.226543 0.974001 0.001045 75.535675 -0.398909 -0.093761 0.912184 3.572343 0.000000 0.000000 0.000000 1.000000
0.868495 0.277650 0.410642 -14.691903 -0.291257 0.956159 -0.030494 76.643204 -0.401105 -0.093118 0.911287 2.892284 0.000000 0.000000 0.000000 1.000000
0.869064 0.321599 0.375900 -15.053192 -0.318017 0.945236 -0.073449 78.329025 -0.378935 -0.055711 0.923745 2.051328 0.000000 0.000000 0.000000 1.000000
0.878059 0.346426 0.330153 -15.262400 -0.325303 0.938073 -0.119152 80.325806 -0.350985 -0.002777 0.936377 1.230149 0.000000 0.000000 0.000000 1.000000
0.882790 0.366025 0.294460 -15.230125 -0.331451 0.929508 -0.161724 82.215714 -0.332898 0.045170 0.941880 0.575332 0.000000 0.000000 0.000000 1.000000
0.880488 0.388231 0.272061 -15.011480 -0.343130 0.917892 -0.199340 83.948242 -0.327113 0.082164 0.941407 0.135298 0.000000 0.000000 0.000000 1.000000
0.877069 0.408579 0.252612 -14.734118 -0.355293 0.905687 -0.231296 85.493210 -0.323290 0.113112 0.939515 -0.142094 0.000000 0.000000 0.000000 1.000000
0.880557 0.416583 0.226006 -14.444853 -0.360365 0.898234 -0.251620 86.603714 -0.307827 0.140121 0.941068 -0.341749 0.000000 0.000000 0.000000 1.000000
0.896217 0.400560 0.190651 -14.072541 -0.350626 0.902881 -0.248732 87.099564 -0.271767 0.156071 0.949623 -0.507428 0.000000 0.000000 0.000000 1.000000
0.925189 0.349337 0.148288 -13.556528 -0.314245 0.924263 -0.216765 86.688789 -0.212781 0.153950 0.964896 -0.593297 0.000000 0.000000 0.000000 1.000000
0.960687 0.261559 0.093095 -12.972312 -0.243986 0.955387 -0.166454 85.046356 -0.132479 0.137197 0.981645 -0.494992 0.000000 0.000000 0.000000 1.000000
0.987642 0.155642 0.018406 -12.463163 -0.152308 0.980845 -0.121432 82.312851 -0.036954 0.117128 0.992429 -0.222378 0.000000 0.000000 0.000000 1.000000
0.996107 0.060511 -0.064100 -12.090350 -0.066820 0.992604 -0.101353 79.234947 0.057493 0.105242 0.992783 -0.020915 0.000000 0.000000 0.000000 1.000000
0.991810 -0.000649 -0.127723 -11.809324 -0.013748 0.993635 -0.111803 76.781403 0.126983 0.112643 0.985488 -0.206775 0.000000 0.000000 0.000000 1.000000
0.988040 -0.017482 -0.153203 -11.552343 -0.006449 0.987998 -0.154335 75.551689 0.154062 0.153477 0.976069 -0.964436 0.000000 0.000000 0.000000 1.000000
0.988882 0.009292 -0.148410 -11.301293 -0.044326 0.971093 -0.234551 75.655380 0.141941 0.238522 0.960708 -2.286362 0.000000 0.000000 0.000000 1.000000
0.987455 0.062627 -0.144948 -11.125947 -0.110600 0.929496 -0.351859 76.798996 0.112693 0.363476 0.924763 -3.906948 0.000000 0.000000 0.000000 1.000000
0.979968 0.112213 -0.164532 -11.078978 -0.179335 0.856502 -0.483986 78.517212 0.086613 0.503797 0.859469 -5.381375 0.000000 0.000000 0.000000 1.000000
0.970845 0.138196 -0.195864 -11.127011 -0.229695 0.770037 -0.595217 80.523422 0.068566 0.622852 0.779329 -6.388461 0.000000 0.000000 0.000000 1.000000
0.965509 0.147340 -0.214670 -11.209013 -0.255024 0.701359 -0.665626 82.742813 0.052488 0.697414 0.714744 -6.876996 0.000000 0.000000 0.000000 1.000000
